NumerGeneracji;Wielkoœæ Populacji;Liczba Krzy¿owañ;Liczba Mutacji;Prawdopodobieñstwo Mutacji;Optymalna Œcie¿ka;Najlepsza Œcie¿ka;Najlepsza w danej Populacji
0;12;4;3;0.300000;39;179;179
1;12;4;2;0.300000;39;147;147
2;13;4;0;0.300000;39;147;147
3;12;4;0;0.300000;39;104;104
4;12;4;3;0.300000;39;94;94
5;13;4;2;0.300000;39;94;94
6;14;4;2;0.300000;39;94;94
7;15;4;1;0.300000;39;94;94
8;16;4;3;0.300000;39;94;94
9;12;4;2;0.300000;39;89;89
10;13;4;2;0.300000;39;89;89
11;14;4;2;0.300000;39;89;89
12;15;4;1;0.300000;39;89;89
13;12;4;0;0.300000;39;78;78
14;12;4;5;0.300000;39;72;72
15;13;4;2;0.300000;39;72;72
16;12;4;0;0.300000;39;67;67
17;13;4;1;0.300000;39;67;67
18;12;4;4;0.300000;39;62;62
19;13;4;2;0.300000;39;62;62
20;14;4;3;0.300000;39;62;62
21;15;4;1;0.300000;39;62;62
22;16;4;3;0.300000;39;62;62
23;12;4;3;0.300000;39;49;49
24;13;4;3;0.300000;39;49;49
25;14;4;5;0.300000;39;49;49
26;15;4;0;0.300000;39;49;49
27;16;4;1;0.300000;39;49;49
28;17;4;2;0.300000;39;49;49
29;18;4;1;0.300000;39;49;49
30;19;4;3;0.300000;39;49;49
31;20;4;1;0.300000;39;49;49
32;21;4;2;0.300000;39;49;49
33;22;4;1;0.300000;39;49;49
34;23;4;1;0.300000;39;49;49
35;24;4;4;0.300000;39;49;49
36;25;4;4;0.300000;39;49;49
37;26;4;3;0.300000;39;49;49
38;27;4;1;0.300000;39;49;49
39;28;4;4;0.300000;39;49;49
40;29;4;3;0.300000;39;49;49
41;30;4;1;0.300000;39;49;49
42;31;4;1;0.300000;39;49;49
43;32;4;0;0.300000;39;49;49
44;33;4;1;0.300000;39;49;49
45;34;4;1;0.300000;39;49;49
46;35;4;4;0.300000;39;49;49
47;36;4;4;0.300000;39;49;49
48;37;4;5;0.300000;39;49;49
49;38;4;3;0.300000;39;49;49
50;39;4;3;0.300000;39;49;49
51;40;4;1;0.300000;39;49;49
52;41;4;1;0.300000;39;49;49
53;42;4;4;0.300000;39;49;49
54;43;4;5;0.300000;39;49;49
55;44;4;2;0.300000;39;49;49
56;45;4;2;0.300000;39;49;49
57;46;4;1;0.300000;39;49;49
58;47;4;2;0.300000;39;49;49
59;48;4;4;0.300000;39;49;49
60;49;4;4;0.300000;39;49;49
61;50;4;5;0.300000;39;49;49
62;51;4;3;0.300000;39;49;49
63;52;4;3;0.300000;39;49;49
64;53;4;2;0.300000;39;49;49
65;54;4;3;0.300000;39;49;49
66;55;4;3;0.300000;39;49;49
67;56;4;4;0.300000;39;49;49
68;57;4;5;0.300000;39;49;49
69;58;4;2;0.300000;39;49;49
70;59;4;4;0.300000;39;49;49
71;60;4;2;0.300000;39;49;49
72;61;4;2;0.300000;39;49;49
73;62;4;3;0.300000;39;49;49
74;63;4;4;0.300000;39;49;49
75;64;4;4;0.300000;39;49;49
76;12;4;3;0.300000;39;48;48
77;13;4;4;0.300000;39;48;48
78;14;4;2;0.300000;39;48;48
79;15;4;2;0.300000;39;48;48
80;12;4;2;0.300000;39;47;47
81;13;4;2;0.300000;39;47;47
82;14;4;2;0.300000;39;47;47
83;15;4;3;0.300000;39;47;47
84;16;4;1;0.300000;39;47;47
85;17;4;3;0.300000;39;47;47
86;18;4;3;0.300000;39;47;47
87;19;4;1;0.300000;39;47;47
88;20;4;2;0.300000;39;47;47
89;21;4;2;0.300000;39;47;47
90;22;4;1;0.300000;39;47;47
91;23;4;3;0.300000;39;47;47
92;24;4;1;0.300000;39;47;47
93;25;4;1;0.300000;39;47;47
94;26;4;2;0.300000;39;47;47
95;27;4;3;0.300000;39;47;47
96;28;4;1;0.300000;39;47;47
97;29;4;0;0.300000;39;47;47
98;30;4;2;0.300000;39;47;47
99;31;4;3;0.300000;39;47;47
100;32;4;4;0.300000;39;47;47
101;33;4;0;0.300000;39;47;47
102;34;4;4;0.300000;39;47;47
103;35;4;1;0.300000;39;47;47
104;36;4;3;0.300000;39;47;47
105;37;4;8;0.300000;39;47;47
106;38;4;3;0.300000;39;47;47
107;39;4;4;0.300000;39;47;47
108;40;4;3;0.300000;39;47;47
109;41;4;3;0.300000;39;47;47
110;42;4;4;0.300000;39;47;47
111;43;4;3;0.300000;39;47;47
112;44;4;0;0.300000;39;47;47
113;45;4;2;0.300000;39;47;47
114;46;4;3;0.300000;39;47;47
115;47;4;4;0.300000;39;47;47
116;48;4;6;0.300000;39;47;47
117;49;4;2;0.300000;39;47;47
118;50;4;6;0.300000;39;47;47
119;51;4;3;0.300000;39;47;47
120;52;4;3;0.300000;39;47;47
121;53;4;3;0.300000;39;47;47
122;54;4;3;0.300000;39;47;47
123;55;4;5;0.300000;39;47;47
124;56;4;2;0.300000;39;47;47
125;57;4;3;0.300000;39;47;47
126;58;4;3;0.300000;39;47;47
127;59;4;1;0.300000;39;47;47
128;60;4;4;0.300000;39;47;47
129;61;4;2;0.300000;39;47;47
130;62;4;4;0.300000;39;47;47
131;63;4;3;0.300000;39;47;47
132;64;4;2;0.300000;39;47;47
133;65;4;3;0.300000;39;47;47
134;66;4;3;0.300000;39;47;47
135;67;4;5;0.300000;39;47;47
136;68;4;5;0.300000;39;47;47
137;69;4;3;0.300000;39;47;47
138;70;4;4;0.300000;39;47;47
139;71;4;7;0.300000;39;47;47
140;72;4;4;0.300000;39;47;47
141;73;4;3;0.300000;39;47;47
142;74;4;3;0.300000;39;47;47
143;75;4;4;0.300000;39;47;47
144;76;4;3;0.300000;39;47;47
145;77;4;3;0.300000;39;47;47
146;78;4;4;0.300000;39;47;47
147;79;4;6;0.300000;39;47;47
148;80;4;2;0.300000;39;47;47
149;81;4;2;0.300000;39;47;47
150;82;4;3;0.300000;39;47;47
151;83;4;2;0.300000;39;47;47
152;84;4;2;0.300000;39;47;47
153;85;4;3;0.300000;39;47;47
154;86;4;1;0.300000;39;47;47
155;87;4;3;0.300000;39;47;47
156;88;4;3;0.300000;39;47;47
157;89;4;3;0.300000;39;47;47
158;90;4;6;0.300000;39;47;47
159;91;4;1;0.300000;39;47;47
160;92;4;4;0.300000;39;47;47
161;93;4;3;0.300000;39;47;47
162;94;4;3;0.300000;39;47;47
163;95;4;3;0.300000;39;47;47
164;96;4;3;0.300000;39;47;47
165;97;4;5;0.300000;39;47;47
166;98;4;4;0.300000;39;47;47
167;99;4;4;0.300000;39;47;47
168;100;4;6;0.300000;39;47;47
169;101;4;4;0.300000;39;47;47
170;102;4;4;0.300000;39;47;47
171;103;4;2;0.300000;39;47;47
172;104;4;1;0.300000;39;47;47
173;105;4;2;0.300000;39;47;47
174;106;4;2;0.300000;39;47;47
175;107;4;3;0.300000;39;47;47
176;108;4;4;0.300000;39;47;47
177;109;4;2;0.300000;39;47;47
178;110;4;5;0.300000;39;47;47
179;111;4;4;0.300000;39;47;47
180;112;4;6;0.300000;39;47;47
181;113;4;3;0.300000;39;47;47
182;114;4;8;0.300000;39;47;47
183;115;4;4;0.300000;39;47;47
184;116;4;4;0.300000;39;47;47
185;117;4;5;0.300000;39;47;47
186;118;4;4;0.300000;39;47;47
187;119;4;4;0.300000;39;47;47
188;120;4;3;0.300000;39;47;47
189;121;4;4;0.300000;39;47;47
190;122;4;2;0.300000;39;47;47
191;123;4;5;0.300000;39;47;47
192;124;4;5;0.300000;39;47;47
193;125;4;4;0.300000;39;47;47
194;126;4;1;0.300000;39;47;47
195;127;4;1;0.300000;39;47;47
196;128;4;0;0.300000;39;47;47
197;129;4;2;0.300000;39;47;47
198;130;4;2;0.300000;39;47;47
199;131;4;6;0.300000;39;47;47
200;132;4;4;0.300000;39;47;47
201;133;4;4;0.300000;39;47;47
202;134;4;1;0.300000;39;47;47
203;135;4;5;0.300000;39;47;47
204;136;4;5;0.300000;39;47;47
205;137;4;3;0.300000;39;47;47
206;138;4;4;0.300000;39;47;47
207;139;4;6;0.300000;39;47;47
208;140;4;4;0.300000;39;47;47
209;141;4;2;0.300000;39;47;47
210;142;4;4;0.300000;39;47;47
211;143;4;2;0.300000;39;47;47
212;144;4;2;0.300000;39;47;47
213;145;4;2;0.300000;39;47;47
214;146;4;4;0.300000;39;47;47
215;147;4;4;0.300000;39;47;47
216;148;4;1;0.300000;39;47;47
217;149;4;5;0.300000;39;47;47
218;150;4;4;0.300000;39;47;47
219;151;4;2;0.300000;39;47;47
220;152;4;2;0.300000;39;47;47
221;153;4;6;0.300000;39;47;47
222;154;4;6;0.300000;39;47;47
223;155;4;3;0.300000;39;47;47
224;156;4;4;0.300000;39;47;47
225;157;4;3;0.300000;39;47;47
226;158;4;5;0.300000;39;47;47
227;159;4;5;0.300000;39;47;47
228;160;4;5;0.300000;39;47;47
229;161;4;1;0.300000;39;47;47
230;162;4;5;0.300000;39;47;47
231;163;4;4;0.300000;39;47;47
232;164;4;3;0.300000;39;47;47
233;165;4;4;0.300000;39;47;47
234;166;4;4;0.300000;39;47;47
235;167;4;1;0.300000;39;47;47
236;168;4;0;0.300000;39;47;47
237;169;4;3;0.300000;39;47;47
238;170;4;5;0.300000;39;47;47
239;171;4;2;0.300000;39;47;47
240;172;4;2;0.300000;39;47;47
241;173;4;0;0.300000;39;47;47
242;174;4;1;0.300000;39;47;47
243;175;4;2;0.300000;39;47;47
244;176;4;2;0.300000;39;47;47
245;177;4;4;0.300000;39;47;47
246;178;4;3;0.300000;39;47;47
247;179;4;3;0.300000;39;47;47
248;180;4;2;0.300000;39;47;47
249;181;4;5;0.300000;39;47;47
250;182;4;4;0.300000;39;47;47
251;183;4;5;0.300000;39;47;47
252;184;4;2;0.300000;39;47;47
253;185;4;2;0.300000;39;47;47
254;186;4;4;0.300000;39;47;47
255;187;4;3;0.300000;39;47;47
256;188;4;4;0.300000;39;47;47
257;189;4;6;0.300000;39;47;47
258;190;4;4;0.300000;39;47;47
259;191;4;6;0.300000;39;47;47
260;192;4;2;0.300000;39;47;47
261;193;4;2;0.300000;39;47;47
262;194;4;1;0.300000;39;47;47
263;195;4;6;0.300000;39;47;47
264;196;4;1;0.300000;39;47;47
265;197;4;3;0.300000;39;47;47
266;198;4;3;0.300000;39;47;47
267;199;4;3;0.300000;39;47;47
268;200;4;3;0.300000;39;47;47
269;201;4;4;0.300000;39;47;47
270;202;4;5;0.300000;39;47;47
271;203;4;4;0.300000;39;47;47
272;204;4;7;0.300000;39;47;47
273;205;4;5;0.300000;39;47;47
274;206;4;1;0.300000;39;47;47
275;207;4;2;0.300000;39;47;47
276;208;4;5;0.300000;39;47;47
277;209;4;1;0.300000;39;47;47
278;210;4;2;0.300000;39;47;47
279;211;4;6;0.300000;39;47;47
280;212;4;3;0.300000;39;47;47
281;213;4;2;0.300000;39;47;47
282;214;4;3;0.300000;39;47;47
283;215;4;2;0.300000;39;47;47
284;216;4;5;0.300000;39;47;47
285;217;4;1;0.300000;39;47;47
286;218;4;4;0.300000;39;47;47
287;219;4;2;0.300000;39;47;47
288;220;4;3;0.300000;39;47;47
289;221;4;3;0.300000;39;47;47
290;222;4;1;0.300000;39;47;47
291;223;4;3;0.300000;39;47;47
292;224;4;2;0.300000;39;47;47
293;225;4;5;0.300000;39;47;47
294;226;4;5;0.300000;39;47;47
295;227;4;2;0.300000;39;47;47
296;228;4;6;0.300000;39;47;47
297;229;4;5;0.300000;39;47;47
298;230;4;3;0.300000;39;47;47
299;231;4;1;0.300000;39;47;47
300;232;4;5;0.300000;39;47;47
301;233;4;2;0.300000;39;47;47
302;234;4;2;0.300000;39;47;47
303;235;4;0;0.300000;39;47;47
304;236;4;2;0.300000;39;47;47
305;237;4;3;0.300000;39;47;47
306;238;4;5;0.300000;39;47;47
307;239;4;2;0.300000;39;47;47
308;240;4;3;0.300000;39;47;47
309;241;4;2;0.300000;39;47;47
310;242;4;4;0.300000;39;47;47
311;243;4;4;0.300000;39;47;47
312;244;4;3;0.300000;39;47;47
313;245;4;6;0.300000;39;47;47
314;246;4;5;0.300000;39;47;47
315;247;4;4;0.300000;39;47;47
316;248;4;3;0.300000;39;47;47
317;249;4;3;0.300000;39;47;47
318;250;4;6;0.300000;39;47;47
319;251;4;6;0.300000;39;47;47
320;252;4;5;0.300000;39;47;47
321;253;4;2;0.300000;39;47;47
322;254;4;3;0.300000;39;47;47
323;255;4;2;0.300000;39;47;47
324;256;4;6;0.300000;39;47;47
325;257;4;2;0.300000;39;47;47
326;258;4;1;0.300000;39;47;47
327;259;4;2;0.300000;39;47;47
328;260;4;2;0.300000;39;47;47
329;261;4;2;0.300000;39;47;47
330;262;4;1;0.300000;39;47;47
331;263;4;2;0.300000;39;47;47
332;264;4;0;0.300000;39;47;47
333;265;4;4;0.300000;39;47;47
334;266;4;3;0.300000;39;47;47
335;267;4;1;0.300000;39;47;47
336;268;4;2;0.300000;39;47;47
337;269;4;5;0.300000;39;47;47
338;270;4;3;0.300000;39;47;47
339;271;4;3;0.300000;39;47;47
340;272;4;1;0.300000;39;47;47
341;273;4;2;0.300000;39;47;47
342;274;4;2;0.300000;39;47;47
343;275;4;2;0.300000;39;47;47
344;276;4;5;0.300000;39;47;47
345;277;4;5;0.300000;39;47;47
346;278;4;3;0.300000;39;47;47
347;279;4;1;0.300000;39;47;47
348;280;4;2;0.300000;39;47;47
349;281;4;5;0.300000;39;47;47
350;282;4;2;0.300000;39;47;47
351;283;4;4;0.300000;39;47;47
352;284;4;0;0.300000;39;47;47
353;285;4;3;0.300000;39;47;47
354;286;4;2;0.300000;39;47;47
355;287;4;2;0.300000;39;47;47
356;288;4;1;0.300000;39;47;47
357;289;4;4;0.300000;39;47;47
358;290;4;1;0.300000;39;47;47
359;291;4;2;0.300000;39;47;47
360;292;4;5;0.300000;39;47;47
361;293;4;2;0.300000;39;47;47
362;294;4;4;0.300000;39;47;47
363;295;4;4;0.300000;39;47;47
364;296;4;3;0.300000;39;47;47
365;297;4;3;0.300000;39;47;47
366;298;4;6;0.300000;39;47;47
367;299;4;4;0.300000;39;47;47
368;300;4;4;0.300000;39;47;47
369;301;4;4;0.300000;39;47;47
370;302;4;0;0.300000;39;47;47
371;303;4;3;0.300000;39;47;47
372;304;4;3;0.300000;39;47;47
373;305;4;2;0.300000;39;47;47
374;306;4;1;0.300000;39;47;47
375;307;4;3;0.300000;39;47;47
376;308;4;2;0.300000;39;47;47
377;309;4;2;0.300000;39;47;47
378;310;4;5;0.300000;39;47;47
379;311;4;4;0.300000;39;47;47
380;312;4;3;0.300000;39;47;47
381;313;4;2;0.300000;39;47;47
382;314;4;3;0.300000;39;47;47
383;315;4;5;0.300000;39;47;47
384;316;4;4;0.300000;39;47;47
385;317;4;5;0.300000;39;47;47
386;318;4;4;0.300000;39;47;47
387;319;4;5;0.300000;39;47;47
388;320;4;4;0.300000;39;47;47
389;321;4;3;0.300000;39;47;47
390;322;4;2;0.300000;39;47;47
391;323;4;1;0.300000;39;47;47
392;324;4;2;0.300000;39;47;47
393;325;4;1;0.300000;39;47;47
394;326;4;3;0.300000;39;47;47
395;327;4;2;0.300000;39;47;47
396;328;4;2;0.300000;39;47;47
397;329;4;2;0.300000;39;47;47
398;330;4;7;0.300000;39;47;47
399;331;4;4;0.300000;39;47;47
400;332;4;1;0.300000;39;47;47
401;333;4;2;0.300000;39;47;47
402;334;4;2;0.300000;39;47;47
403;335;4;5;0.300000;39;47;47
404;336;4;5;0.300000;39;47;47
405;337;4;3;0.300000;39;47;47
406;338;4;5;0.300000;39;47;47
407;339;4;5;0.300000;39;47;47
408;340;4;4;0.300000;39;47;47
409;341;4;5;0.300000;39;47;47
410;342;4;4;0.300000;39;47;47
411;343;4;7;0.300000;39;47;47
412;344;4;1;0.300000;39;47;47
413;345;4;1;0.300000;39;47;47
414;346;4;4;0.300000;39;47;47
415;347;4;4;0.300000;39;47;47
416;348;4;3;0.300000;39;47;47
417;349;4;2;0.300000;39;47;47
418;350;4;2;0.300000;39;47;47
419;351;4;3;0.300000;39;47;47
420;352;4;3;0.300000;39;47;47
421;353;4;1;0.300000;39;47;47
422;354;4;3;0.300000;39;47;47
423;355;4;3;0.300000;39;47;47
424;356;4;1;0.300000;39;47;47
425;357;4;3;0.300000;39;47;47
426;358;4;2;0.300000;39;47;47
427;359;4;4;0.300000;39;47;47
428;360;4;1;0.300000;39;47;47
429;361;4;5;0.300000;39;47;47
430;362;4;3;0.300000;39;47;47
431;363;4;3;0.300000;39;47;47
432;364;4;6;0.300000;39;47;47
433;365;4;3;0.300000;39;47;47
434;366;4;3;0.300000;39;47;47
435;367;4;3;0.300000;39;47;47
436;368;4;5;0.300000;39;47;47
437;369;4;4;0.300000;39;47;47
438;370;4;5;0.300000;39;47;47
439;371;4;2;0.300000;39;47;47
440;372;4;3;0.300000;39;47;47
441;373;4;1;0.300000;39;47;47
442;374;4;1;0.300000;39;47;47
443;375;4;2;0.300000;39;47;47
444;376;4;5;0.300000;39;47;47
445;377;4;3;0.300000;39;47;47
446;378;4;2;0.300000;39;47;47
447;379;4;4;0.300000;39;47;47
448;380;4;3;0.300000;39;47;47
449;381;4;3;0.300000;39;47;47
450;382;4;5;0.300000;39;47;47
451;383;4;4;0.300000;39;47;47
452;384;4;2;0.300000;39;47;47
453;385;4;4;0.300000;39;47;47
454;386;4;1;0.300000;39;47;47
455;387;4;4;0.300000;39;47;47
456;388;4;2;0.300000;39;47;47
457;389;4;3;0.300000;39;47;47
458;390;4;4;0.300000;39;47;47
459;391;4;5;0.300000;39;47;47
460;392;4;4;0.300000;39;47;47
461;393;4;0;0.300000;39;47;47
462;394;4;2;0.300000;39;47;47
463;395;4;2;0.300000;39;47;47
464;396;4;0;0.300000;39;47;47
465;397;4;3;0.300000;39;47;47
466;398;4;5;0.300000;39;47;47
467;399;4;5;0.300000;39;47;47
468;400;4;3;0.300000;39;47;47
469;401;4;1;0.300000;39;47;47
470;402;4;5;0.300000;39;47;47
471;403;4;3;0.300000;39;47;47
472;404;4;8;0.300000;39;47;47
473;405;4;3;0.300000;39;47;47
474;406;4;2;0.300000;39;47;47
475;407;4;1;0.300000;39;47;47
476;408;4;4;0.300000;39;47;47
477;409;4;2;0.300000;39;47;47
478;410;4;0;0.300000;39;47;47
479;411;4;3;0.300000;39;47;47
480;412;4;2;0.300000;39;47;47
481;413;4;0;0.300000;39;47;47
482;414;4;1;0.300000;39;47;47
483;415;4;0;0.300000;39;47;47
484;416;4;4;0.300000;39;47;47
485;417;4;2;0.300000;39;47;47
486;418;4;3;0.300000;39;47;47
487;419;4;5;0.300000;39;47;47
488;420;4;3;0.300000;39;47;47
489;421;4;3;0.300000;39;47;47
490;422;4;3;0.300000;39;47;47
491;423;4;2;0.300000;39;47;47
492;424;4;5;0.300000;39;47;47
493;425;4;3;0.300000;39;47;47
494;426;4;4;0.300000;39;47;47
495;427;4;2;0.300000;39;47;47
496;428;4;4;0.300000;39;47;47
497;429;4;4;0.300000;39;47;47
498;430;4;1;0.300000;39;47;47
499;431;4;2;0.300000;39;47;47
500;432;4;3;0.300000;39;47;47
501;433;4;4;0.300000;39;47;47
502;434;4;3;0.300000;39;47;47
503;435;4;2;0.300000;39;47;47
504;436;4;3;0.300000;39;47;47
505;437;4;1;0.300000;39;47;47
506;438;4;3;0.300000;39;47;47
507;439;4;3;0.300000;39;47;47
508;440;4;1;0.300000;39;47;47
509;441;4;3;0.300000;39;47;47
510;442;4;4;0.300000;39;47;47
511;443;4;5;0.300000;39;47;47
512;444;4;2;0.300000;39;47;47
513;445;4;4;0.300000;39;47;47
514;446;4;2;0.300000;39;47;47
515;447;4;3;0.300000;39;47;47
516;448;4;1;0.300000;39;47;47
517;449;4;1;0.300000;39;47;47
518;450;4;3;0.300000;39;47;47
519;451;4;3;0.300000;39;47;47
520;452;4;3;0.300000;39;47;47
521;453;4;0;0.300000;39;47;47
522;454;4;2;0.300000;39;47;47
523;455;4;1;0.300000;39;47;47
524;456;4;3;0.300000;39;47;47
525;457;4;3;0.300000;39;47;47
526;458;4;1;0.300000;39;47;47
527;459;4;4;0.300000;39;47;47
528;460;4;1;0.300000;39;47;47
529;461;4;1;0.300000;39;47;47
530;462;4;5;0.300000;39;47;47
531;463;4;3;0.300000;39;47;47
532;464;4;2;0.300000;39;47;47
533;465;4;4;0.300000;39;47;47
534;466;4;4;0.300000;39;47;47
535;467;4;2;0.300000;39;47;47
536;468;4;1;0.300000;39;47;47
537;469;4;2;0.300000;39;47;47
538;470;4;3;0.300000;39;47;47
539;471;4;0;0.300000;39;47;47
540;472;4;3;0.300000;39;47;47
541;473;4;3;0.300000;39;47;47
542;474;4;3;0.300000;39;47;47
543;475;4;1;0.300000;39;47;47
544;476;4;3;0.300000;39;47;47
545;477;4;3;0.300000;39;47;47
546;478;4;0;0.300000;39;47;47
547;479;4;5;0.300000;39;47;47
548;480;4;2;0.300000;39;47;47
549;481;4;1;0.300000;39;47;47
550;482;4;3;0.300000;39;47;47
551;483;4;1;0.300000;39;47;47
552;484;4;3;0.300000;39;47;47
553;485;4;3;0.300000;39;47;47
554;486;4;3;0.300000;39;47;47
555;487;4;4;0.300000;39;47;47
556;488;4;1;0.300000;39;47;47
557;489;4;4;0.300000;39;47;47
558;490;4;3;0.300000;39;47;47
559;491;4;4;0.300000;39;47;47
560;492;4;2;0.300000;39;47;47
561;493;4;2;0.300000;39;47;47
562;494;4;1;0.300000;39;47;47
563;495;4;5;0.300000;39;47;47
564;496;4;4;0.300000;39;47;47
565;497;4;4;0.300000;39;47;47
566;498;4;4;0.300000;39;47;47
567;499;4;5;0.300000;39;47;47
568;500;4;2;0.300000;39;47;47
569;501;4;2;0.300000;39;47;47
570;502;4;4;0.300000;39;47;47
571;503;4;3;0.300000;39;47;47
572;504;4;4;0.300000;39;47;47
573;505;4;5;0.300000;39;47;47
574;506;4;3;0.300000;39;47;47
575;507;4;6;0.300000;39;47;47
576;508;4;4;0.300000;39;47;47
577;509;4;3;0.300000;39;47;47
578;510;4;4;0.300000;39;47;47
579;511;4;3;0.300000;39;47;47
580;512;4;2;0.300000;39;47;47
