NumerGeneracji;Wielkoœæ Populacji;Liczba Krzy¿owañ;Liczba Mutacji;Prawdopodobieñstwo Mutacji;Optymalna Œcie¿ka;Najlepsza Œcie¿ka;Najlepsza w danej Populacji
0;31;10;10;0.300000;1613;5663;5663
1;30;10;5;0.300000;1613;5491;5491
2;31;10;2;0.300000;1613;5491;5491
3;30;10;5;0.300000;1613;5216;5216
4;31;10;2;0.300000;1613;5216;5216
5;32;10;6;0.300000;1613;5216;5216
6;33;10;6;0.300000;1613;5216;5216
7;34;10;4;0.300000;1613;5216;5216
8;35;10;7;0.300000;1613;5216;5216
9;36;10;7;0.300000;1613;5216;5216
10;37;10;8;0.300000;1613;5216;5216
11;38;10;5;0.300000;1613;5216;5216
12;39;10;6;0.300000;1613;5216;5216
13;40;10;5;0.300000;1613;5216;5216
14;41;10;6;0.300000;1613;5216;5216
15;42;10;4;0.300000;1613;5216;5216
16;30;10;6;0.300000;1613;5165;5165
17;31;10;5;0.300000;1613;5165;5165
18;32;10;8;0.300000;1613;5165;5165
19;33;10;9;0.300000;1613;5165;5165
20;34;10;5;0.300000;1613;5165;5165
21;30;10;8;0.300000;1613;5139;5139
22;31;10;11;0.300000;1613;5139;5139
23;30;10;7;0.300000;1613;5047;5047
24;31;10;7;0.300000;1613;5047;5047
25;32;10;6;0.300000;1613;5047;5047
26;33;10;3;0.300000;1613;5047;5047
27;34;10;1;0.300000;1613;5047;5047
28;30;10;6;0.300000;1613;4873;4873
29;31;10;7;0.300000;1613;4873;4873
30;32;10;8;0.300000;1613;4873;4873
31;33;10;3;0.300000;1613;4873;4873
32;30;10;7;0.300000;1613;4677;4677
33;31;10;4;0.300000;1613;4677;4677
34;32;10;4;0.300000;1613;4677;4677
35;33;10;2;0.300000;1613;4677;4677
36;34;10;5;0.300000;1613;4677;4677
37;30;10;5;0.300000;1613;4574;4574
38;31;10;8;0.300000;1613;4574;4574
39;32;10;7;0.300000;1613;4574;4574
40;33;10;1;0.300000;1613;4574;4574
41;34;10;4;0.300000;1613;4574;4574
42;35;10;4;0.300000;1613;4574;4574
43;36;10;10;0.300000;1613;4574;4574
44;30;10;9;0.300000;1613;4511;4511
45;31;10;8;0.300000;1613;4511;4511
46;32;10;7;0.300000;1613;4511;4511
47;33;10;2;0.300000;1613;4511;4511
48;34;10;2;0.300000;1613;4511;4511
49;35;10;3;0.300000;1613;4511;4511
50;36;10;5;0.300000;1613;4511;4511
51;37;10;6;0.300000;1613;4511;4511
52;38;10;10;0.300000;1613;4511;4511
53;39;10;9;0.300000;1613;4511;4511
54;40;10;4;0.300000;1613;4511;4511
55;30;10;6;0.300000;1613;4414;4414
56;31;10;5;0.300000;1613;4414;4414
57;32;10;3;0.300000;1613;4414;4414
58;33;10;2;0.300000;1613;4414;4414
59;34;10;8;0.300000;1613;4414;4414
60;35;10;2;0.300000;1613;4414;4414
61;30;10;2;0.300000;1613;4372;4372
62;31;10;3;0.300000;1613;4372;4372
63;32;10;6;0.300000;1613;4372;4372
64;33;10;3;0.300000;1613;4372;4372
65;34;10;4;0.300000;1613;4372;4372
66;35;10;5;0.300000;1613;4372;4372
67;36;10;6;0.300000;1613;4372;4372
68;37;10;8;0.300000;1613;4372;4372
69;38;10;9;0.300000;1613;4372;4372
70;30;10;8;0.300000;1613;4248;4248
71;31;10;5;0.300000;1613;4248;4248
72;32;10;5;0.300000;1613;4248;4248
73;33;10;5;0.300000;1613;4248;4248
74;34;10;7;0.300000;1613;4248;4248
75;35;10;8;0.300000;1613;4248;4248
76;36;10;6;0.300000;1613;4248;4248
77;37;10;5;0.300000;1613;4248;4248
78;38;10;4;0.300000;1613;4248;4248
79;39;10;7;0.300000;1613;4248;4248
80;40;10;4;0.300000;1613;4248;4248
81;41;10;5;0.300000;1613;4248;4248
82;42;10;3;0.300000;1613;4248;4248
83;43;10;6;0.300000;1613;4248;4248
84;44;10;6;0.300000;1613;4248;4248
85;30;10;5;0.300000;1613;4216;4216
86;31;10;4;0.300000;1613;4216;4216
87;32;10;3;0.300000;1613;4216;4216
88;33;10;8;0.300000;1613;4216;4216
89;34;10;6;0.300000;1613;4216;4216
90;35;10;5;0.300000;1613;4216;4216
91;36;10;8;0.300000;1613;4216;4216
92;37;10;8;0.300000;1613;4216;4216
93;38;10;6;0.300000;1613;4216;4216
94;39;10;6;0.300000;1613;4216;4216
95;40;10;6;0.300000;1613;4216;4216
96;41;10;7;0.300000;1613;4216;4216
97;42;10;4;0.300000;1613;4216;4216
98;43;10;4;0.300000;1613;4216;4216
99;30;10;8;0.300000;1613;4195;4195
100;31;10;5;0.300000;1613;4195;4195
101;32;10;7;0.300000;1613;4195;4195
102;30;10;5;0.300000;1613;4081;4081
103;31;10;5;0.300000;1613;4081;4081
104;32;10;7;0.300000;1613;4081;4081
105;33;10;5;0.300000;1613;4081;4081
106;34;10;4;0.300000;1613;4081;4081
107;35;10;6;0.300000;1613;4081;4081
108;36;10;8;0.300000;1613;4081;4081
109;37;10;5;0.300000;1613;4081;4081
110;38;10;6;0.300000;1613;4081;4081
111;39;10;3;0.300000;1613;4081;4081
112;40;10;5;0.300000;1613;4081;4081
113;41;10;3;0.300000;1613;4081;4081
114;42;10;3;0.300000;1613;4081;4081
115;43;10;3;0.300000;1613;4081;4081
116;44;10;4;0.300000;1613;4081;4081
117;45;10;6;0.300000;1613;4081;4081
118;46;10;5;0.300000;1613;4081;4081
119;47;10;6;0.300000;1613;4081;4081
120;48;10;5;0.300000;1613;4081;4081
121;49;10;3;0.300000;1613;4081;4081
122;50;10;8;0.300000;1613;4081;4081
123;51;10;8;0.300000;1613;4081;4081
124;52;10;9;0.300000;1613;4081;4081
125;53;10;3;0.300000;1613;4081;4081
126;54;10;3;0.300000;1613;4081;4081
127;55;10;3;0.300000;1613;4081;4081
128;56;10;5;0.300000;1613;4081;4081
129;57;10;5;0.300000;1613;4081;4081
130;30;10;10;0.300000;1613;4033;4033
131;31;10;7;0.300000;1613;4033;4033
132;32;10;6;0.300000;1613;4033;4033
133;33;10;3;0.300000;1613;4033;4033
134;34;10;6;0.300000;1613;4033;4033
135;35;10;6;0.300000;1613;4033;4033
136;36;10;6;0.300000;1613;4033;4033
137;37;10;4;0.300000;1613;4033;4033
138;38;10;5;0.300000;1613;4033;4033
139;39;10;5;0.300000;1613;4033;4033
140;40;10;5;0.300000;1613;4033;4033
141;41;10;3;0.300000;1613;4033;4033
142;42;10;0;0.300000;1613;4033;4033
143;30;10;2;0.300000;1613;4023;4023
144;30;10;6;0.300000;1613;3980;3980
145;30;10;6;0.300000;1613;3973;3973
146;31;10;7;0.300000;1613;3973;3973
147;32;10;4;0.300000;1613;3973;3973
148;33;10;6;0.300000;1613;3973;3973
149;34;10;5;0.300000;1613;3973;3973
150;30;10;7;0.300000;1613;3953;3953
151;31;10;4;0.300000;1613;3953;3953
152;32;10;1;0.300000;1613;3953;3953
153;33;10;2;0.300000;1613;3953;3953
154;34;10;2;0.300000;1613;3953;3953
155;35;10;4;0.300000;1613;3953;3953
156;36;10;2;0.300000;1613;3953;3953
157;37;10;2;0.300000;1613;3953;3953
158;38;10;2;0.300000;1613;3953;3953
159;39;10;3;0.300000;1613;3953;3953
160;40;10;4;0.300000;1613;3953;3953
161;41;10;6;0.300000;1613;3953;3953
162;42;10;10;0.300000;1613;3953;3953
163;43;10;6;0.300000;1613;3953;3953
164;44;10;8;0.300000;1613;3953;3953
165;45;10;8;0.300000;1613;3953;3953
166;46;10;6;0.300000;1613;3953;3953
167;47;10;6;0.300000;1613;3953;3953
168;48;10;5;0.300000;1613;3953;3953
169;30;10;5;0.300000;1613;3905;3905
170;31;10;4;0.300000;1613;3905;3905
171;32;10;4;0.300000;1613;3905;3905
172;33;10;5;0.300000;1613;3905;3905
173;34;10;8;0.300000;1613;3905;3905
174;35;10;7;0.300000;1613;3905;3905
175;36;10;7;0.300000;1613;3905;3905
176;37;10;6;0.300000;1613;3905;3905
177;38;10;5;0.300000;1613;3905;3905
178;39;10;9;0.300000;1613;3905;3905
179;40;10;4;0.300000;1613;3905;3905
180;41;10;5;0.300000;1613;3905;3905
181;42;10;3;0.300000;1613;3905;3905
182;43;10;5;0.300000;1613;3905;3905
183;30;10;3;0.300000;1613;3840;3840
184;31;10;5;0.300000;1613;3840;3840
185;32;10;3;0.300000;1613;3840;3840
186;30;10;11;0.300000;1613;3819;3819
187;31;10;8;0.300000;1613;3819;3819
188;32;10;11;0.300000;1613;3819;3819
189;33;10;5;0.300000;1613;3819;3819
190;34;10;3;0.300000;1613;3819;3819
191;35;10;6;0.300000;1613;3819;3819
192;36;10;5;0.300000;1613;3819;3819
193;37;10;5;0.300000;1613;3819;3819
194;38;10;5;0.300000;1613;3819;3819
195;39;10;4;0.300000;1613;3819;3819
196;40;10;3;0.300000;1613;3819;3819
197;41;10;4;0.300000;1613;3819;3819
198;42;10;7;0.300000;1613;3819;3819
199;43;10;3;0.300000;1613;3819;3819
200;44;10;4;0.300000;1613;3819;3819
201;45;10;7;0.300000;1613;3819;3819
202;46;10;4;0.300000;1613;3819;3819
203;47;10;5;0.300000;1613;3819;3819
204;30;10;3;0.300000;1613;3806;3806
205;31;10;3;0.300000;1613;3806;3806
206;32;10;6;0.300000;1613;3806;3806
207;33;10;11;0.300000;1613;3806;3806
208;34;10;6;0.300000;1613;3806;3806
209;35;10;4;0.300000;1613;3806;3806
210;36;10;7;0.300000;1613;3806;3806
211;37;10;5;0.300000;1613;3806;3806
212;38;10;6;0.300000;1613;3806;3806
213;39;10;5;0.300000;1613;3806;3806
214;40;10;4;0.300000;1613;3806;3806
215;41;10;6;0.300000;1613;3806;3806
216;42;10;5;0.300000;1613;3806;3806
217;43;10;1;0.300000;1613;3806;3806
218;44;10;3;0.300000;1613;3806;3806
219;45;10;2;0.300000;1613;3806;3806
220;46;10;7;0.300000;1613;3806;3806
221;47;10;4;0.300000;1613;3806;3806
222;48;10;5;0.300000;1613;3806;3806
223;49;10;4;0.300000;1613;3806;3806
224;30;10;6;0.300000;1613;3743;3743
225;31;10;2;0.300000;1613;3743;3743
226;30;10;2;0.300000;1613;3731;3731
227;31;10;6;0.300000;1613;3731;3731
228;32;10;9;0.300000;1613;3731;3731
229;33;10;10;0.300000;1613;3731;3731
230;30;10;5;0.300000;1613;3677;3677
231;30;10;9;0.300000;1613;3643;3643
232;31;10;4;0.300000;1613;3643;3643
233;32;10;3;0.300000;1613;3643;3643
234;33;10;3;0.300000;1613;3643;3643
235;34;10;6;0.300000;1613;3643;3643
236;35;10;5;0.300000;1613;3643;3643
237;36;10;5;0.300000;1613;3643;3643
238;37;10;7;0.300000;1613;3643;3643
239;30;10;7;0.300000;1613;3608;3608
240;31;10;6;0.300000;1613;3608;3608
241;32;10;5;0.300000;1613;3608;3608
242;33;10;4;0.300000;1613;3608;3608
243;34;10;6;0.300000;1613;3608;3608
244;35;10;4;0.300000;1613;3608;3608
245;36;10;4;0.300000;1613;3608;3608
246;37;10;4;0.300000;1613;3608;3608
247;38;10;4;0.300000;1613;3608;3608
248;39;10;1;0.300000;1613;3608;3608
249;40;10;2;0.300000;1613;3608;3608
250;41;10;4;0.300000;1613;3608;3608
251;42;10;4;0.300000;1613;3608;3608
252;43;10;6;0.300000;1613;3608;3608
253;44;10;6;0.300000;1613;3608;3608
254;45;10;7;0.300000;1613;3608;3608
255;46;10;10;0.300000;1613;3608;3608
256;47;10;7;0.300000;1613;3608;3608
257;48;10;8;0.300000;1613;3608;3608
258;49;10;5;0.300000;1613;3608;3608
259;50;10;8;0.300000;1613;3608;3608
260;51;10;4;0.300000;1613;3608;3608
261;52;10;7;0.300000;1613;3608;3608
262;53;10;11;0.300000;1613;3608;3608
263;54;10;9;0.300000;1613;3608;3608
264;55;10;9;0.300000;1613;3608;3608
265;56;10;5;0.300000;1613;3608;3608
266;57;10;7;0.300000;1613;3608;3608
267;58;10;4;0.300000;1613;3608;3608
268;59;10;6;0.300000;1613;3608;3608
269;60;10;5;0.300000;1613;3608;3608
270;61;10;6;0.300000;1613;3608;3608
271;62;10;2;0.300000;1613;3608;3608
272;63;10;6;0.300000;1613;3608;3608
273;64;10;10;0.300000;1613;3608;3608
274;65;10;11;0.300000;1613;3608;3608
275;66;10;7;0.300000;1613;3608;3608
276;67;10;3;0.300000;1613;3608;3608
277;68;10;8;0.300000;1613;3608;3608
278;69;10;6;0.300000;1613;3608;3608
279;70;10;9;0.300000;1613;3608;3608
280;71;10;4;0.300000;1613;3608;3608
281;72;10;2;0.300000;1613;3608;3608
282;73;10;2;0.300000;1613;3608;3608
283;74;10;4;0.300000;1613;3608;3608
284;75;10;6;0.300000;1613;3608;3608
285;76;10;8;0.300000;1613;3608;3608
286;77;10;6;0.300000;1613;3608;3608
287;78;10;10;0.300000;1613;3608;3608
288;79;10;5;0.300000;1613;3608;3608
289;80;10;8;0.300000;1613;3608;3608
290;81;10;11;0.300000;1613;3608;3608
291;82;10;4;0.300000;1613;3608;3608
292;83;10;6;0.300000;1613;3608;3608
293;84;10;6;0.300000;1613;3608;3608
294;85;10;7;0.300000;1613;3608;3608
295;86;10;7;0.300000;1613;3608;3608
296;87;10;12;0.300000;1613;3608;3608
297;88;10;10;0.300000;1613;3608;3608
298;89;10;7;0.300000;1613;3608;3608
299;90;10;9;0.300000;1613;3608;3608
300;91;10;7;0.300000;1613;3608;3608
301;30;10;6;0.300000;1613;3522;3522
302;31;10;6;0.300000;1613;3522;3522
303;32;10;8;0.300000;1613;3522;3522
304;33;10;5;0.300000;1613;3522;3522
305;34;10;7;0.300000;1613;3522;3522
306;35;10;1;0.300000;1613;3522;3522
307;36;10;2;0.300000;1613;3522;3522
308;37;10;4;0.300000;1613;3522;3522
309;38;10;2;0.300000;1613;3522;3522
310;39;10;8;0.300000;1613;3522;3522
311;40;10;4;0.300000;1613;3522;3522
312;41;10;8;0.300000;1613;3522;3522
313;42;10;8;0.300000;1613;3522;3522
314;43;10;3;0.300000;1613;3522;3522
315;44;10;3;0.300000;1613;3522;3522
316;30;10;4;0.300000;1613;3503;3503
317;31;10;5;0.300000;1613;3503;3503
318;32;10;4;0.300000;1613;3503;3503
319;33;10;3;0.300000;1613;3503;3503
320;34;10;6;0.300000;1613;3503;3503
321;35;10;3;0.300000;1613;3503;3503
322;36;10;4;0.300000;1613;3503;3503
323;37;10;3;0.300000;1613;3503;3503
324;38;10;8;0.300000;1613;3503;3503
325;39;10;5;0.300000;1613;3503;3503
326;40;10;6;0.300000;1613;3503;3503
327;41;10;3;0.300000;1613;3503;3503
328;42;10;5;0.300000;1613;3503;3503
329;43;10;4;0.300000;1613;3503;3503
330;44;10;4;0.300000;1613;3503;3503
331;45;10;5;0.300000;1613;3503;3503
332;46;10;2;0.300000;1613;3503;3503
333;47;10;6;0.300000;1613;3503;3503
334;30;10;8;0.300000;1613;3456;3456
335;31;10;8;0.300000;1613;3456;3456
336;32;10;4;0.300000;1613;3456;3456
337;33;10;5;0.300000;1613;3456;3456
338;34;10;6;0.300000;1613;3456;3456
339;35;10;5;0.300000;1613;3456;3456
340;36;10;5;0.300000;1613;3456;3456
341;37;10;1;0.300000;1613;3456;3456
342;38;10;7;0.300000;1613;3456;3456
343;39;10;5;0.300000;1613;3456;3456
344;40;10;11;0.300000;1613;3456;3456
345;30;10;5;0.300000;1613;3406;3406
346;31;10;5;0.300000;1613;3406;3406
347;32;10;2;0.300000;1613;3406;3406
348;33;10;2;0.300000;1613;3406;3406
349;34;10;10;0.300000;1613;3406;3406
350;30;10;4;0.300000;1613;3404;3404
351;31;10;2;0.300000;1613;3404;3404
352;32;10;7;0.300000;1613;3404;3404
353;33;10;2;0.300000;1613;3404;3404
354;34;10;3;0.300000;1613;3404;3404
355;35;10;4;0.300000;1613;3404;3404
356;36;10;3;0.300000;1613;3404;3404
357;37;10;5;0.300000;1613;3404;3404
358;38;10;5;0.300000;1613;3404;3404
359;30;10;7;0.300000;1613;3377;3377
360;31;10;8;0.300000;1613;3377;3377
361;32;10;7;0.300000;1613;3377;3377
362;33;10;4;0.300000;1613;3377;3377
363;34;10;3;0.300000;1613;3377;3377
364;35;10;7;0.300000;1613;3377;3377
365;36;10;10;0.300000;1613;3377;3377
366;37;10;9;0.300000;1613;3377;3377
367;38;10;4;0.300000;1613;3377;3377
368;39;10;3;0.300000;1613;3377;3377
369;40;10;1;0.300000;1613;3377;3377
370;41;10;2;0.300000;1613;3377;3377
371;42;10;2;0.300000;1613;3377;3377
372;43;10;5;0.300000;1613;3377;3377
373;44;10;4;0.300000;1613;3377;3377
374;45;10;3;0.300000;1613;3377;3377
375;46;10;6;0.300000;1613;3377;3377
376;47;10;8;0.300000;1613;3377;3377
377;48;10;6;0.300000;1613;3377;3377
378;49;10;6;0.300000;1613;3377;3377
379;30;10;4;0.300000;1613;3294;3294
380;31;10;6;0.300000;1613;3294;3294
381;30;10;4;0.300000;1613;3274;3274
382;31;10;6;0.300000;1613;3274;3274
383;32;10;5;0.300000;1613;3274;3274
384;33;10;5;0.300000;1613;3274;3274
385;34;10;6;0.300000;1613;3274;3274
386;35;10;8;0.300000;1613;3274;3274
387;36;10;6;0.300000;1613;3274;3274
388;37;10;8;0.300000;1613;3274;3274
389;38;10;7;0.300000;1613;3274;3274
390;39;10;7;0.300000;1613;3274;3274
391;40;10;7;0.300000;1613;3274;3274
392;41;10;8;0.300000;1613;3274;3274
393;42;10;5;0.300000;1613;3274;3274
394;30;10;5;0.300000;1613;3248;3248
395;31;10;3;0.300000;1613;3248;3248
396;32;10;4;0.300000;1613;3248;3248
397;33;10;6;0.300000;1613;3248;3248
398;34;10;6;0.300000;1613;3248;3248
399;35;10;5;0.300000;1613;3248;3248
400;36;10;8;0.300000;1613;3248;3248
401;37;10;3;0.300000;1613;3248;3248
402;38;10;6;0.300000;1613;3248;3248
403;39;10;10;0.300000;1613;3248;3248
404;40;10;10;0.300000;1613;3248;3248
405;41;10;2;0.300000;1613;3248;3248
406;42;10;1;0.300000;1613;3248;3248
407;43;10;6;0.300000;1613;3248;3248
408;44;10;5;0.300000;1613;3248;3248
409;45;10;3;0.300000;1613;3248;3248
410;46;10;2;0.300000;1613;3248;3248
411;47;10;6;0.300000;1613;3248;3248
412;48;10;11;0.300000;1613;3248;3248
413;49;10;3;0.300000;1613;3248;3248
414;50;10;4;0.300000;1613;3248;3248
415;51;10;4;0.300000;1613;3248;3248
416;52;10;5;0.300000;1613;3248;3248
417;53;10;10;0.300000;1613;3248;3248
418;30;10;11;0.300000;1613;3206;3206
419;31;10;4;0.300000;1613;3206;3206
420;32;10;4;0.300000;1613;3206;3206
421;33;10;8;0.300000;1613;3206;3206
422;34;10;6;0.300000;1613;3206;3206
423;35;10;7;0.300000;1613;3206;3206
424;36;10;7;0.300000;1613;3206;3206
425;37;10;8;0.300000;1613;3206;3206
426;38;10;5;0.300000;1613;3206;3206
427;39;10;3;0.300000;1613;3206;3206
428;40;10;5;0.300000;1613;3206;3206
429;41;10;7;0.300000;1613;3206;3206
430;42;10;4;0.300000;1613;3206;3206
431;43;10;7;0.300000;1613;3206;3206
432;44;10;10;0.300000;1613;3206;3206
433;45;10;4;0.300000;1613;3206;3206
434;46;10;5;0.300000;1613;3206;3206
435;30;10;5;0.300000;1613;3177;3177
436;31;10;5;0.300000;1613;3177;3177
437;32;10;4;0.300000;1613;3177;3177
438;33;10;4;0.300000;1613;3177;3177
439;30;10;6;0.300000;1613;3116;3116
440;30;10;6;0.300000;1613;3074;3074
441;31;10;2;0.300000;1613;3074;3074
442;32;10;4;0.300000;1613;3074;3074
443;33;10;4;0.300000;1613;3074;3074
444;34;10;8;0.300000;1613;3074;3074
445;35;10;3;0.300000;1613;3074;3074
446;36;10;7;0.300000;1613;3074;3074
447;37;10;8;0.300000;1613;3074;3074
448;38;10;7;0.300000;1613;3074;3074
449;39;10;7;0.300000;1613;3074;3074
450;40;10;7;0.300000;1613;3074;3074
451;41;10;7;0.300000;1613;3074;3074
452;42;10;3;0.300000;1613;3074;3074
453;43;10;7;0.300000;1613;3074;3074
454;44;10;9;0.300000;1613;3074;3074
455;45;10;6;0.300000;1613;3074;3074
456;46;10;6;0.300000;1613;3074;3074
457;47;10;6;0.300000;1613;3074;3074
458;48;10;10;0.300000;1613;3074;3074
459;49;10;5;0.300000;1613;3074;3074
460;50;10;3;0.300000;1613;3074;3074
461;51;10;8;0.300000;1613;3074;3074
462;52;10;8;0.300000;1613;3074;3074
463;53;10;0;0.300000;1613;3074;3074
464;54;10;3;0.300000;1613;3074;3074
465;55;10;6;0.300000;1613;3074;3074
466;56;10;5;0.300000;1613;3074;3074
467;30;10;4;0.300000;1613;3010;3010
468;31;10;9;0.300000;1613;3010;3010
469;32;10;8;0.300000;1613;3010;3010
470;33;10;5;0.300000;1613;3010;3010
471;34;10;7;0.300000;1613;3010;3010
472;35;10;4;0.300000;1613;3010;3010
473;36;10;2;0.300000;1613;3010;3010
474;37;10;6;0.300000;1613;3010;3010
475;38;10;9;0.300000;1613;3010;3010
476;39;10;5;0.300000;1613;3010;3010
477;40;10;4;0.300000;1613;3010;3010
478;30;10;2;0.300000;1613;3005;3005
479;31;10;5;0.300000;1613;3005;3005
480;32;10;4;0.300000;1613;3005;3005
481;33;10;4;0.300000;1613;3005;3005
482;34;10;8;0.300000;1613;3005;3005
483;30;10;5;0.300000;1613;2935;2935
484;31;10;4;0.300000;1613;2935;2935
485;32;10;7;0.300000;1613;2935;2935
486;33;10;8;0.300000;1613;2935;2935
487;34;10;8;0.300000;1613;2935;2935
488;35;10;6;0.300000;1613;2935;2935
489;36;10;5;0.300000;1613;2935;2935
490;37;10;7;0.300000;1613;2935;2935
491;38;10;3;0.300000;1613;2935;2935
492;30;10;2;0.300000;1613;2901;2901
493;31;10;5;0.300000;1613;2901;2901
494;32;10;3;0.300000;1613;2901;2901
495;33;10;6;0.300000;1613;2901;2901
496;34;10;6;0.300000;1613;2901;2901
497;35;10;5;0.300000;1613;2901;2901
498;36;10;7;0.300000;1613;2901;2901
499;37;10;7;0.300000;1613;2901;2901
500;38;10;8;0.300000;1613;2901;2901
501;39;10;5;0.300000;1613;2901;2901
502;40;10;8;0.300000;1613;2901;2901
503;41;10;4;0.300000;1613;2901;2901
504;42;10;3;0.300000;1613;2901;2901
505;43;10;4;0.300000;1613;2901;2901
506;44;10;8;0.300000;1613;2901;2901
507;45;10;7;0.300000;1613;2901;2901
508;46;10;8;0.300000;1613;2901;2901
509;47;10;8;0.300000;1613;2901;2901
510;48;10;8;0.300000;1613;2901;2901
511;49;10;9;0.300000;1613;2901;2901
512;50;10;7;0.300000;1613;2901;2901
513;51;10;3;0.300000;1613;2901;2901
514;52;10;7;0.300000;1613;2901;2901
515;53;10;2;0.300000;1613;2901;2901
516;54;10;5;0.300000;1613;2901;2901
517;55;10;7;0.300000;1613;2901;2901
518;56;10;7;0.300000;1613;2901;2901
519;57;10;3;0.300000;1613;2901;2901
520;58;10;7;0.300000;1613;2901;2901
521;59;10;8;0.300000;1613;2901;2901
522;60;10;8;0.300000;1613;2901;2901
523;61;10;6;0.300000;1613;2901;2901
524;62;10;2;0.300000;1613;2901;2901
525;63;10;7;0.300000;1613;2901;2901
526;30;10;6;0.300000;1613;2898;2898
527;31;10;8;0.300000;1613;2898;2898
528;30;10;5;0.300000;1613;2805;2805
529;31;10;4;0.300000;1613;2805;2805
530;32;10;4;0.300000;1613;2805;2805
531;33;10;9;0.300000;1613;2805;2805
532;34;10;8;0.300000;1613;2805;2805
533;35;10;7;0.300000;1613;2805;2805
534;36;10;5;0.300000;1613;2805;2805
535;37;10;6;0.300000;1613;2805;2805
536;38;10;7;0.300000;1613;2805;2805
537;39;10;5;0.300000;1613;2805;2805
538;40;10;6;0.300000;1613;2805;2805
539;41;10;7;0.300000;1613;2805;2805
540;42;10;6;0.300000;1613;2805;2805
541;43;10;6;0.300000;1613;2805;2805
542;44;10;5;0.300000;1613;2805;2805
543;45;10;4;0.300000;1613;2805;2805
544;46;10;6;0.300000;1613;2805;2805
545;47;10;6;0.300000;1613;2805;2805
546;48;10;6;0.300000;1613;2805;2805
547;49;10;5;0.300000;1613;2805;2805
548;50;10;5;0.300000;1613;2805;2805
549;51;10;7;0.300000;1613;2805;2805
550;52;10;7;0.300000;1613;2805;2805
551;53;10;2;0.300000;1613;2805;2805
552;54;10;4;0.300000;1613;2805;2805
553;55;10;3;0.300000;1613;2805;2805
554;56;10;6;0.300000;1613;2805;2805
555;57;10;5;0.300000;1613;2805;2805
556;58;10;11;0.300000;1613;2805;2805
557;59;10;6;0.300000;1613;2805;2805
558;60;10;10;0.300000;1613;2805;2805
559;61;10;5;0.300000;1613;2805;2805
560;62;10;5;0.300000;1613;2805;2805
561;63;10;6;0.300000;1613;2805;2805
562;64;10;9;0.300000;1613;2805;2805
563;65;10;5;0.300000;1613;2805;2805
564;66;10;7;0.300000;1613;2805;2805
565;67;10;7;0.300000;1613;2805;2805
566;68;10;5;0.300000;1613;2805;2805
567;69;10;4;0.300000;1613;2805;2805
568;70;10;9;0.300000;1613;2805;2805
569;71;10;9;0.300000;1613;2805;2805
570;72;10;6;0.300000;1613;2805;2805
571;73;10;10;0.300000;1613;2805;2805
572;74;10;5;0.300000;1613;2805;2805
573;75;10;5;0.300000;1613;2805;2805
574;76;10;5;0.300000;1613;2805;2805
575;77;10;6;0.300000;1613;2805;2805
576;78;10;5;0.300000;1613;2805;2805
577;79;10;9;0.300000;1613;2805;2805
578;80;10;12;0.300000;1613;2805;2805
579;81;10;6;0.300000;1613;2805;2805
580;82;10;5;0.300000;1613;2805;2805
581;83;10;10;0.300000;1613;2805;2805
582;84;10;6;0.300000;1613;2805;2805
583;85;10;6;0.300000;1613;2805;2805
584;86;10;6;0.300000;1613;2805;2805
585;87;10;6;0.300000;1613;2805;2805
586;88;10;6;0.300000;1613;2805;2805
587;89;10;6;0.300000;1613;2805;2805
588;90;10;5;0.300000;1613;2805;2805
589;30;10;6;0.300000;1613;2763;2763
590;31;10;5;0.300000;1613;2763;2763
591;32;10;4;0.300000;1613;2763;2763
592;33;10;2;0.300000;1613;2763;2763
593;34;10;3;0.300000;1613;2763;2763
594;35;10;4;0.300000;1613;2763;2763
595;36;10;9;0.300000;1613;2763;2763
596;37;10;5;0.300000;1613;2763;2763
597;38;10;3;0.300000;1613;2763;2763
598;39;10;3;0.300000;1613;2763;2763
599;40;10;4;0.300000;1613;2763;2763
600;41;10;5;0.300000;1613;2763;2763
601;42;10;6;0.300000;1613;2763;2763
602;43;10;3;0.300000;1613;2763;2763
603;44;10;2;0.300000;1613;2763;2763
604;45;10;4;0.300000;1613;2763;2763
605;46;10;6;0.300000;1613;2763;2763
606;47;10;8;0.300000;1613;2763;2763
607;30;10;6;0.300000;1613;2723;2723
608;31;10;6;0.300000;1613;2723;2723
609;30;10;5;0.300000;1613;2705;2705
610;31;10;4;0.300000;1613;2705;2705
611;32;10;6;0.300000;1613;2705;2705
612;33;10;2;0.300000;1613;2705;2705
613;34;10;3;0.300000;1613;2705;2705
614;35;10;7;0.300000;1613;2705;2705
615;36;10;5;0.300000;1613;2705;2705
616;37;10;5;0.300000;1613;2705;2705
617;38;10;3;0.300000;1613;2705;2705
618;39;10;7;0.300000;1613;2705;2705
619;40;10;6;0.300000;1613;2705;2705
620;41;10;4;0.300000;1613;2705;2705
621;42;10;7;0.300000;1613;2705;2705
622;43;10;8;0.300000;1613;2705;2705
623;44;10;8;0.300000;1613;2705;2705
624;45;10;3;0.300000;1613;2705;2705
625;46;10;9;0.300000;1613;2705;2705
626;47;10;5;0.300000;1613;2705;2705
627;48;10;8;0.300000;1613;2705;2705
628;49;10;9;0.300000;1613;2705;2705
629;50;10;4;0.300000;1613;2705;2705
630;51;10;2;0.300000;1613;2705;2705
631;52;10;6;0.300000;1613;2705;2705
632;53;10;4;0.300000;1613;2705;2705
633;54;10;2;0.300000;1613;2705;2705
634;55;10;6;0.300000;1613;2705;2705
635;56;10;4;0.300000;1613;2705;2705
636;57;10;6;0.300000;1613;2705;2705
637;58;10;5;0.300000;1613;2705;2705
638;59;10;4;0.300000;1613;2705;2705
639;60;10;5;0.300000;1613;2705;2705
640;61;10;9;0.300000;1613;2705;2705
641;62;10;7;0.300000;1613;2705;2705
642;63;10;10;0.300000;1613;2705;2705
643;64;10;4;0.300000;1613;2705;2705
644;65;10;5;0.300000;1613;2705;2705
645;66;10;4;0.300000;1613;2705;2705
646;67;10;5;0.300000;1613;2705;2705
647;68;10;4;0.300000;1613;2705;2705
648;69;10;6;0.300000;1613;2705;2705
649;70;10;4;0.300000;1613;2705;2705
650;30;10;6;0.300000;1613;2704;2704
651;31;10;6;0.300000;1613;2704;2704
652;30;10;4;0.300000;1613;2644;2644
653;31;10;4;0.300000;1613;2644;2644
654;32;10;1;0.300000;1613;2644;2644
655;33;10;6;0.300000;1613;2644;2644
656;34;10;3;0.300000;1613;2644;2644
657;35;10;5;0.300000;1613;2644;2644
658;36;10;8;0.300000;1613;2644;2644
659;37;10;5;0.300000;1613;2644;2644
660;38;10;4;0.300000;1613;2644;2644
661;39;10;7;0.300000;1613;2644;2644
662;40;10;7;0.300000;1613;2644;2644
663;41;10;2;0.300000;1613;2644;2644
664;42;10;4;0.300000;1613;2644;2644
665;43;10;6;0.300000;1613;2644;2644
666;44;10;7;0.300000;1613;2644;2644
667;45;10;9;0.300000;1613;2644;2644
668;46;10;10;0.300000;1613;2644;2644
669;30;10;7;0.300000;1613;2604;2604
670;31;10;3;0.300000;1613;2604;2604
671;32;10;7;0.300000;1613;2604;2604
672;33;10;3;0.300000;1613;2604;2604
673;34;10;7;0.300000;1613;2604;2604
674;35;10;4;0.300000;1613;2604;2604
675;36;10;2;0.300000;1613;2604;2604
676;37;10;2;0.300000;1613;2604;2604
677;38;10;5;0.300000;1613;2604;2604
678;39;10;2;0.300000;1613;2604;2604
679;40;10;5;0.300000;1613;2604;2604
680;41;10;6;0.300000;1613;2604;2604
681;42;10;9;0.300000;1613;2604;2604
682;43;10;5;0.300000;1613;2604;2604
683;44;10;4;0.300000;1613;2604;2604
684;45;10;7;0.300000;1613;2604;2604
685;46;10;4;0.300000;1613;2604;2604
686;47;10;7;0.300000;1613;2604;2604
687;48;10;5;0.300000;1613;2604;2604
688;49;10;6;0.300000;1613;2604;2604
689;50;10;8;0.300000;1613;2604;2604
690;51;10;3;0.300000;1613;2604;2604
691;52;10;4;0.300000;1613;2604;2604
692;53;10;4;0.300000;1613;2604;2604
693;54;10;2;0.300000;1613;2604;2604
694;55;10;5;0.300000;1613;2604;2604
695;56;10;4;0.300000;1613;2604;2604
696;57;10;6;0.300000;1613;2604;2604
697;58;10;8;0.300000;1613;2604;2604
698;59;10;5;0.300000;1613;2604;2604
699;60;10;6;0.300000;1613;2604;2604
700;61;10;3;0.300000;1613;2604;2604
701;62;10;3;0.300000;1613;2604;2604
702;30;10;6;0.300000;1613;2592;2592
703;31;10;5;0.300000;1613;2592;2592
704;32;10;9;0.300000;1613;2592;2592
705;33;10;6;0.300000;1613;2592;2592
706;34;10;3;0.300000;1613;2592;2592
707;35;10;4;0.300000;1613;2592;2592
708;36;10;5;0.300000;1613;2592;2592
709;37;10;6;0.300000;1613;2592;2592
710;38;10;4;0.300000;1613;2592;2592
711;39;10;3;0.300000;1613;2592;2592
712;40;10;3;0.300000;1613;2592;2592
713;41;10;5;0.300000;1613;2592;2592
714;42;10;5;0.300000;1613;2592;2592
715;43;10;6;0.300000;1613;2592;2592
716;44;10;8;0.300000;1613;2592;2592
717;45;10;10;0.300000;1613;2592;2592
718;46;10;8;0.300000;1613;2592;2592
719;47;10;6;0.300000;1613;2592;2592
720;48;10;7;0.300000;1613;2592;2592
721;49;10;7;0.300000;1613;2592;2592
722;50;10;4;0.300000;1613;2592;2592
723;51;10;4;0.300000;1613;2592;2592
724;52;10;5;0.300000;1613;2592;2592
725;53;10;4;0.300000;1613;2592;2592
726;54;10;4;0.300000;1613;2592;2592
727;55;10;3;0.300000;1613;2592;2592
728;56;10;2;0.300000;1613;2592;2592
729;57;10;5;0.300000;1613;2592;2592
730;58;10;4;0.300000;1613;2592;2592
731;59;10;7;0.300000;1613;2592;2592
732;60;10;4;0.300000;1613;2592;2592
733;61;10;6;0.300000;1613;2592;2592
734;62;10;8;0.300000;1613;2592;2592
735;63;10;11;0.300000;1613;2592;2592
736;64;10;9;0.300000;1613;2592;2592
737;65;10;6;0.300000;1613;2592;2592
738;66;10;4;0.300000;1613;2592;2592
739;30;10;6;0.300000;1613;2555;2555
740;31;10;7;0.300000;1613;2555;2555
741;32;10;9;0.300000;1613;2555;2555
742;33;10;8;0.300000;1613;2555;2555
743;34;10;7;0.300000;1613;2555;2555
744;35;10;5;0.300000;1613;2555;2555
745;36;10;4;0.300000;1613;2555;2555
746;37;10;2;0.300000;1613;2555;2555
747;38;10;5;0.300000;1613;2555;2555
748;39;10;7;0.300000;1613;2555;2555
749;40;10;6;0.300000;1613;2555;2555
750;41;10;7;0.300000;1613;2555;2555
751;42;10;7;0.300000;1613;2555;2555
752;43;10;6;0.300000;1613;2555;2555
753;44;10;6;0.300000;1613;2555;2555
754;45;10;7;0.300000;1613;2555;2555
755;46;10;2;0.300000;1613;2555;2555
756;47;10;6;0.300000;1613;2555;2555
757;48;10;6;0.300000;1613;2555;2555
758;49;10;6;0.300000;1613;2555;2555
759;50;10;5;0.300000;1613;2555;2555
760;51;10;7;0.300000;1613;2555;2555
761;52;10;5;0.300000;1613;2555;2555
762;53;10;8;0.300000;1613;2555;2555
763;54;10;11;0.300000;1613;2555;2555
764;55;10;7;0.300000;1613;2555;2555
765;56;10;5;0.300000;1613;2555;2555
766;57;10;2;0.300000;1613;2555;2555
767;58;10;10;0.300000;1613;2555;2555
768;59;10;8;0.300000;1613;2555;2555
769;60;10;6;0.300000;1613;2555;2555
770;61;10;7;0.300000;1613;2555;2555
771;62;10;3;0.300000;1613;2555;2555
772;63;10;5;0.300000;1613;2555;2555
773;64;10;7;0.300000;1613;2555;2555
774;65;10;12;0.300000;1613;2555;2555
775;66;10;6;0.300000;1613;2555;2555
776;67;10;7;0.300000;1613;2555;2555
777;68;10;8;0.300000;1613;2555;2555
778;69;10;6;0.300000;1613;2555;2555
779;70;10;4;0.300000;1613;2555;2555
780;71;10;8;0.300000;1613;2555;2555
781;72;10;8;0.300000;1613;2555;2555
782;73;10;5;0.300000;1613;2555;2555
783;74;10;4;0.300000;1613;2555;2555
784;75;10;5;0.300000;1613;2555;2555
785;76;10;6;0.300000;1613;2555;2555
786;77;10;6;0.300000;1613;2555;2555
787;78;10;7;0.300000;1613;2555;2555
788;79;10;6;0.300000;1613;2555;2555
789;80;10;8;0.300000;1613;2555;2555
790;81;10;6;0.300000;1613;2555;2555
791;82;10;5;0.300000;1613;2555;2555
792;83;10;6;0.300000;1613;2555;2555
793;84;10;5;0.300000;1613;2555;2555
794;85;10;8;0.300000;1613;2555;2555
795;86;10;8;0.300000;1613;2555;2555
796;87;10;5;0.300000;1613;2555;2555
797;88;10;4;0.300000;1613;2555;2555
798;89;10;6;0.300000;1613;2555;2555
799;90;10;6;0.300000;1613;2555;2555
800;91;10;4;0.300000;1613;2555;2555
801;92;10;4;0.300000;1613;2555;2555
802;93;10;9;0.300000;1613;2555;2555
803;94;10;8;0.300000;1613;2555;2555
804;95;10;7;0.300000;1613;2555;2555
805;96;10;8;0.300000;1613;2555;2555
806;97;10;6;0.300000;1613;2555;2555
807;98;10;3;0.300000;1613;2555;2555
808;99;10;5;0.300000;1613;2555;2555
809;100;10;7;0.300000;1613;2555;2555
810;101;10;5;0.300000;1613;2555;2555
811;102;10;6;0.300000;1613;2555;2555
812;103;10;6;0.300000;1613;2555;2555
813;104;10;3;0.300000;1613;2555;2555
814;105;10;10;0.300000;1613;2555;2555
815;106;10;8;0.300000;1613;2555;2555
816;107;10;6;0.300000;1613;2555;2555
817;108;10;7;0.300000;1613;2555;2555
818;109;10;6;0.300000;1613;2555;2555
819;110;10;2;0.300000;1613;2555;2555
820;111;10;11;0.300000;1613;2555;2555
821;112;10;8;0.300000;1613;2555;2555
822;113;10;8;0.300000;1613;2555;2555
823;114;10;5;0.300000;1613;2555;2555
824;115;10;8;0.300000;1613;2555;2555
825;116;10;11;0.300000;1613;2555;2555
826;117;10;8;0.300000;1613;2555;2555
827;118;10;5;0.300000;1613;2555;2555
828;119;10;10;0.300000;1613;2555;2555
829;120;10;5;0.300000;1613;2555;2555
830;121;10;6;0.300000;1613;2555;2555
831;122;10;5;0.300000;1613;2555;2555
832;123;10;7;0.300000;1613;2555;2555
833;124;10;6;0.300000;1613;2555;2555
834;125;10;6;0.300000;1613;2555;2555
835;126;10;4;0.300000;1613;2555;2555
836;127;10;10;0.300000;1613;2555;2555
837;128;10;3;0.300000;1613;2555;2555
838;129;10;10;0.300000;1613;2555;2555
839;130;10;7;0.300000;1613;2555;2555
840;131;10;3;0.300000;1613;2555;2555
841;132;10;7;0.300000;1613;2555;2555
842;133;10;8;0.300000;1613;2555;2555
843;134;10;9;0.300000;1613;2555;2555
844;135;10;5;0.300000;1613;2555;2555
845;136;10;9;0.300000;1613;2555;2555
846;137;10;9;0.300000;1613;2555;2555
847;138;10;7;0.300000;1613;2555;2555
848;139;10;7;0.300000;1613;2555;2555
849;140;10;9;0.300000;1613;2555;2555
850;30;10;9;0.300000;1613;2516;2516
851;31;10;8;0.300000;1613;2516;2516
852;32;10;10;0.300000;1613;2516;2516
853;33;10;4;0.300000;1613;2516;2516
854;34;10;3;0.300000;1613;2516;2516
855;35;10;6;0.300000;1613;2516;2516
856;36;10;4;0.300000;1613;2516;2516
857;37;10;4;0.300000;1613;2516;2516
858;38;10;3;0.300000;1613;2516;2516
859;39;10;4;0.300000;1613;2516;2516
860;40;10;5;0.300000;1613;2516;2516
861;41;10;6;0.300000;1613;2516;2516
862;42;10;2;0.300000;1613;2516;2516
863;43;10;5;0.300000;1613;2516;2516
864;44;10;9;0.300000;1613;2516;2516
865;45;10;9;0.300000;1613;2516;2516
866;46;10;7;0.300000;1613;2516;2516
867;47;10;7;0.300000;1613;2516;2516
868;48;10;6;0.300000;1613;2516;2516
869;49;10;4;0.300000;1613;2516;2516
870;50;10;7;0.300000;1613;2516;2516
871;51;10;4;0.300000;1613;2516;2516
872;52;10;4;0.300000;1613;2516;2516
873;53;10;7;0.300000;1613;2516;2516
874;54;10;2;0.300000;1613;2516;2516
875;55;10;7;0.300000;1613;2516;2516
876;56;10;2;0.300000;1613;2516;2516
877;57;10;4;0.300000;1613;2516;2516
878;58;10;2;0.300000;1613;2516;2516
879;59;10;1;0.300000;1613;2516;2516
880;60;10;7;0.300000;1613;2516;2516
881;61;10;7;0.300000;1613;2516;2516
882;62;10;5;0.300000;1613;2516;2516
883;63;10;3;0.300000;1613;2516;2516
884;64;10;5;0.300000;1613;2516;2516
885;65;10;5;0.300000;1613;2516;2516
886;66;10;9;0.300000;1613;2516;2516
887;67;10;7;0.300000;1613;2516;2516
888;68;10;7;0.300000;1613;2516;2516
889;69;10;9;0.300000;1613;2516;2516
890;70;10;2;0.300000;1613;2516;2516
891;71;10;2;0.300000;1613;2516;2516
892;72;10;4;0.300000;1613;2516;2516
893;73;10;6;0.300000;1613;2516;2516
894;74;10;3;0.300000;1613;2516;2516
895;75;10;8;0.300000;1613;2516;2516
896;76;10;9;0.300000;1613;2516;2516
897;77;10;6;0.300000;1613;2516;2516
898;78;10;6;0.300000;1613;2516;2516
899;79;10;4;0.300000;1613;2516;2516
900;80;10;7;0.300000;1613;2516;2516
901;81;10;8;0.300000;1613;2516;2516
902;82;10;6;0.300000;1613;2516;2516
903;83;10;6;0.300000;1613;2516;2516
904;84;10;6;0.300000;1613;2516;2516
905;85;10;1;0.300000;1613;2516;2516
906;86;10;7;0.300000;1613;2516;2516
907;87;10;4;0.300000;1613;2516;2516
908;88;10;8;0.300000;1613;2516;2516
909;89;10;8;0.300000;1613;2516;2516
910;90;10;7;0.300000;1613;2516;2516
911;91;10;8;0.300000;1613;2516;2516
912;92;10;4;0.300000;1613;2516;2516
913;93;10;8;0.300000;1613;2516;2516
914;94;10;5;0.300000;1613;2516;2516
915;95;10;8;0.300000;1613;2516;2516
916;96;10;7;0.300000;1613;2516;2516
917;97;10;6;0.300000;1613;2516;2516
918;98;10;8;0.300000;1613;2516;2516
919;99;10;5;0.300000;1613;2516;2516
920;100;10;7;0.300000;1613;2516;2516
921;101;10;10;0.300000;1613;2516;2516
922;102;10;7;0.300000;1613;2516;2516
923;103;10;5;0.300000;1613;2516;2516
924;104;10;5;0.300000;1613;2516;2516
925;105;10;7;0.300000;1613;2516;2516
926;106;10;6;0.300000;1613;2516;2516
927;107;10;7;0.300000;1613;2516;2516
928;108;10;7;0.300000;1613;2516;2516
929;109;10;7;0.300000;1613;2516;2516
930;110;10;8;0.300000;1613;2516;2516
931;111;10;6;0.300000;1613;2516;2516
932;30;10;6;0.300000;1613;2476;2476
933;31;10;5;0.300000;1613;2476;2476
934;32;10;8;0.300000;1613;2476;2476
935;33;10;4;0.300000;1613;2476;2476
936;34;10;4;0.300000;1613;2476;2476
937;35;10;4;0.300000;1613;2476;2476
938;36;10;4;0.300000;1613;2476;2476
939;37;10;4;0.300000;1613;2476;2476
940;38;10;6;0.300000;1613;2476;2476
941;39;10;7;0.300000;1613;2476;2476
942;40;10;6;0.300000;1613;2476;2476
943;41;10;4;0.300000;1613;2476;2476
944;42;10;4;0.300000;1613;2476;2476
945;43;10;9;0.300000;1613;2476;2476
946;44;10;6;0.300000;1613;2476;2476
947;45;10;6;0.300000;1613;2476;2476
948;46;10;3;0.300000;1613;2476;2476
949;47;10;5;0.300000;1613;2476;2476
950;48;10;8;0.300000;1613;2476;2476
951;49;10;4;0.300000;1613;2476;2476
952;50;10;7;0.300000;1613;2476;2476
953;51;10;9;0.300000;1613;2476;2476
954;52;10;2;0.300000;1613;2476;2476
955;53;10;1;0.300000;1613;2476;2476
956;54;10;5;0.300000;1613;2476;2476
957;55;10;1;0.300000;1613;2476;2476
958;56;10;4;0.300000;1613;2476;2476
959;57;10;8;0.300000;1613;2476;2476
960;58;10;5;0.300000;1613;2476;2476
961;59;10;6;0.300000;1613;2476;2476
962;60;10;8;0.300000;1613;2476;2476
963;30;10;8;0.300000;1613;2469;2469
964;31;10;1;0.300000;1613;2469;2469
965;32;10;7;0.300000;1613;2469;2469
966;33;10;7;0.300000;1613;2469;2469
967;34;10;5;0.300000;1613;2469;2469
968;35;10;8;0.300000;1613;2469;2469
969;36;10;5;0.300000;1613;2469;2469
970;37;10;3;0.300000;1613;2469;2469
971;38;10;2;0.300000;1613;2469;2469
972;39;10;2;0.300000;1613;2469;2469
973;40;10;2;0.300000;1613;2469;2469
974;41;10;6;0.300000;1613;2469;2469
975;42;10;8;0.300000;1613;2469;2469
976;43;10;8;0.300000;1613;2469;2469
977;44;10;10;0.300000;1613;2469;2469
978;45;10;9;0.300000;1613;2469;2469
979;46;10;9;0.300000;1613;2469;2469
980;47;10;9;0.300000;1613;2469;2469
981;48;10;12;0.300000;1613;2469;2469
982;49;10;4;0.300000;1613;2469;2469
983;50;10;4;0.300000;1613;2469;2469
984;51;10;6;0.300000;1613;2469;2469
985;52;10;11;0.300000;1613;2469;2469
986;53;10;4;0.300000;1613;2469;2469
987;54;10;6;0.300000;1613;2469;2469
988;55;10;6;0.300000;1613;2469;2469
989;56;10;4;0.300000;1613;2469;2469
990;57;10;6;0.300000;1613;2469;2469
991;58;10;6;0.300000;1613;2469;2469
992;59;10;7;0.300000;1613;2469;2469
993;60;10;5;0.300000;1613;2469;2469
994;61;10;5;0.300000;1613;2469;2469
995;62;10;3;0.300000;1613;2469;2469
996;63;10;4;0.300000;1613;2469;2469
997;64;10;7;0.300000;1613;2469;2469
998;65;10;7;0.300000;1613;2469;2469
999;66;10;6;0.300000;1613;2469;2469
1000;67;10;13;0.300000;1613;2469;2469
1001;68;10;9;0.300000;1613;2469;2469
1002;69;10;10;0.300000;1613;2469;2469
1003;70;10;9;0.300000;1613;2469;2469
1004;71;10;5;0.300000;1613;2469;2469
1005;72;10;6;0.300000;1613;2469;2469
1006;73;10;7;0.300000;1613;2469;2469
1007;74;10;5;0.300000;1613;2469;2469
1008;75;10;5;0.300000;1613;2469;2469
1009;76;10;9;0.300000;1613;2469;2469
1010;77;10;5;0.300000;1613;2469;2469
1011;78;10;5;0.300000;1613;2469;2469
1012;79;10;10;0.300000;1613;2469;2469
1013;80;10;10;0.300000;1613;2469;2469
1014;81;10;9;0.300000;1613;2469;2469
1015;82;10;4;0.300000;1613;2469;2469
1016;83;10;6;0.300000;1613;2469;2469
1017;84;10;9;0.300000;1613;2469;2469
1018;85;10;10;0.300000;1613;2469;2469
1019;86;10;5;0.300000;1613;2469;2469
1020;87;10;6;0.300000;1613;2469;2469
1021;88;10;10;0.300000;1613;2469;2469
1022;89;10;5;0.300000;1613;2469;2469
1023;90;10;4;0.300000;1613;2469;2469
1024;91;10;5;0.300000;1613;2469;2469
1025;92;10;8;0.300000;1613;2469;2469
1026;93;10;10;0.300000;1613;2469;2469
1027;94;10;12;0.300000;1613;2469;2469
1028;95;10;9;0.300000;1613;2469;2469
1029;96;10;8;0.300000;1613;2469;2469
1030;97;10;6;0.300000;1613;2469;2469
1031;98;10;8;0.300000;1613;2469;2469
1032;99;10;7;0.300000;1613;2469;2469
1033;100;10;6;0.300000;1613;2469;2469
1034;101;10;9;0.300000;1613;2469;2469
1035;102;10;6;0.300000;1613;2469;2469
1036;103;10;6;0.300000;1613;2469;2469
1037;104;10;9;0.300000;1613;2469;2469
1038;105;10;9;0.300000;1613;2469;2469
1039;106;10;15;0.300000;1613;2469;2469
1040;107;10;6;0.300000;1613;2469;2469
1041;108;10;10;0.300000;1613;2469;2469
1042;109;10;8;0.300000;1613;2469;2469
1043;110;10;8;0.300000;1613;2469;2469
1044;111;10;9;0.300000;1613;2469;2469
1045;112;10;6;0.300000;1613;2469;2469
1046;113;10;6;0.300000;1613;2469;2469
1047;114;10;8;0.300000;1613;2469;2469
1048;115;10;6;0.300000;1613;2469;2469
1049;116;10;5;0.300000;1613;2469;2469
1050;117;10;9;0.300000;1613;2469;2469
1051;118;10;5;0.300000;1613;2469;2469
1052;119;10;5;0.300000;1613;2469;2469
1053;120;10;5;0.300000;1613;2469;2469
1054;121;10;8;0.300000;1613;2469;2469
1055;122;10;11;0.300000;1613;2469;2469
1056;123;10;6;0.300000;1613;2469;2469
1057;124;10;6;0.300000;1613;2469;2469
1058;125;10;4;0.300000;1613;2469;2469
1059;126;10;4;0.300000;1613;2469;2469
1060;127;10;5;0.300000;1613;2469;2469
1061;30;10;10;0.300000;1613;2446;2446
1062;31;10;7;0.300000;1613;2446;2446
1063;32;10;5;0.300000;1613;2446;2446
1064;33;10;5;0.300000;1613;2446;2446
1065;34;10;2;0.300000;1613;2446;2446
1066;35;10;4;0.300000;1613;2446;2446
1067;36;10;2;0.300000;1613;2446;2446
1068;37;10;4;0.300000;1613;2446;2446
1069;38;10;5;0.300000;1613;2446;2446
1070;39;10;4;0.300000;1613;2446;2446
1071;40;10;5;0.300000;1613;2446;2446
1072;41;10;2;0.300000;1613;2446;2446
1073;42;10;4;0.300000;1613;2446;2446
1074;43;10;5;0.300000;1613;2446;2446
1075;44;10;6;0.300000;1613;2446;2446
1076;30;10;10;0.300000;1613;2402;2402
1077;31;10;10;0.300000;1613;2402;2402
1078;32;10;4;0.300000;1613;2402;2402
1079;33;10;7;0.300000;1613;2402;2402
1080;34;10;7;0.300000;1613;2402;2402
1081;35;10;6;0.300000;1613;2402;2402
1082;36;10;7;0.300000;1613;2402;2402
1083;37;10;5;0.300000;1613;2402;2402
1084;38;10;5;0.300000;1613;2402;2402
1085;39;10;3;0.300000;1613;2402;2402
1086;40;10;8;0.300000;1613;2402;2402
1087;41;10;8;0.300000;1613;2402;2402
1088;42;10;8;0.300000;1613;2402;2402
1089;43;10;4;0.300000;1613;2402;2402
1090;44;10;4;0.300000;1613;2402;2402
1091;45;10;6;0.300000;1613;2402;2402
1092;46;10;7;0.300000;1613;2402;2402
1093;47;10;4;0.300000;1613;2402;2402
1094;48;10;6;0.300000;1613;2402;2402
1095;49;10;7;0.300000;1613;2402;2402
1096;50;10;6;0.300000;1613;2402;2402
1097;51;10;6;0.300000;1613;2402;2402
1098;52;10;8;0.300000;1613;2402;2402
1099;53;10;3;0.300000;1613;2402;2402
1100;54;10;4;0.300000;1613;2402;2402
1101;55;10;4;0.300000;1613;2402;2402
1102;56;10;4;0.300000;1613;2402;2402
1103;57;10;7;0.300000;1613;2402;2402
1104;58;10;5;0.300000;1613;2402;2402
1105;59;10;5;0.300000;1613;2402;2402
1106;60;10;3;0.300000;1613;2402;2402
1107;61;10;3;0.300000;1613;2402;2402
1108;62;10;4;0.300000;1613;2402;2402
1109;63;10;8;0.300000;1613;2402;2402
1110;64;10;2;0.300000;1613;2402;2402
1111;65;10;3;0.300000;1613;2402;2402
1112;66;10;3;0.300000;1613;2402;2402
1113;67;10;5;0.300000;1613;2402;2402
1114;68;10;8;0.300000;1613;2402;2402
1115;69;10;10;0.300000;1613;2402;2402
1116;70;10;6;0.300000;1613;2402;2402
1117;71;10;4;0.300000;1613;2402;2402
1118;72;10;7;0.300000;1613;2402;2402
1119;73;10;6;0.300000;1613;2402;2402
1120;74;10;3;0.300000;1613;2402;2402
1121;75;10;8;0.300000;1613;2402;2402
1122;76;10;7;0.300000;1613;2402;2402
1123;77;10;4;0.300000;1613;2402;2402
1124;78;10;5;0.300000;1613;2402;2402
1125;79;10;7;0.300000;1613;2402;2402
1126;80;10;7;0.300000;1613;2402;2402
1127;81;10;7;0.300000;1613;2402;2402
1128;82;10;6;0.300000;1613;2402;2402
1129;83;10;9;0.300000;1613;2402;2402
1130;84;10;9;0.300000;1613;2402;2402
1131;85;10;5;0.300000;1613;2402;2402
1132;86;10;4;0.300000;1613;2402;2402
1133;87;10;4;0.300000;1613;2402;2402
1134;88;10;8;0.300000;1613;2402;2402
1135;89;10;5;0.300000;1613;2402;2402
1136;90;10;6;0.300000;1613;2402;2402
1137;91;10;3;0.300000;1613;2402;2402
1138;92;10;8;0.300000;1613;2402;2402
1139;93;10;7;0.300000;1613;2402;2402
1140;94;10;5;0.300000;1613;2402;2402
1141;95;10;4;0.300000;1613;2402;2402
1142;96;10;6;0.300000;1613;2402;2402
1143;97;10;8;0.300000;1613;2402;2402
1144;98;10;9;0.300000;1613;2402;2402
1145;99;10;5;0.300000;1613;2402;2402
1146;100;10;7;0.300000;1613;2402;2402
1147;101;10;4;0.300000;1613;2402;2402
1148;102;10;6;0.300000;1613;2402;2402
1149;103;10;6;0.300000;1613;2402;2402
1150;104;10;7;0.300000;1613;2402;2402
1151;105;10;6;0.300000;1613;2402;2402
1152;106;10;6;0.300000;1613;2402;2402
1153;107;10;7;0.300000;1613;2402;2402
1154;108;10;6;0.300000;1613;2402;2402
1155;109;10;3;0.300000;1613;2402;2402
1156;110;10;6;0.300000;1613;2402;2402
1157;111;10;5;0.300000;1613;2402;2402
1158;112;10;3;0.300000;1613;2402;2402
1159;113;10;4;0.300000;1613;2402;2402
1160;114;10;3;0.300000;1613;2402;2402
1161;115;10;4;0.300000;1613;2402;2402
1162;116;10;7;0.300000;1613;2402;2402
1163;117;10;7;0.300000;1613;2402;2402
1164;118;10;7;0.300000;1613;2402;2402
1165;119;10;11;0.300000;1613;2402;2402
1166;120;10;13;0.300000;1613;2402;2402
1167;30;10;10;0.300000;1613;2391;2391
1168;31;10;5;0.300000;1613;2391;2391
1169;32;10;6;0.300000;1613;2391;2391
1170;33;10;5;0.300000;1613;2391;2391
1171;34;10;3;0.300000;1613;2391;2391
1172;30;10;7;0.300000;1613;2316;2316
1173;31;10;6;0.300000;1613;2316;2316
1174;32;10;6;0.300000;1613;2316;2316
1175;33;10;4;0.300000;1613;2316;2316
1176;34;10;5;0.300000;1613;2316;2316
1177;35;10;7;0.300000;1613;2316;2316
1178;36;10;4;0.300000;1613;2316;2316
1179;37;10;2;0.300000;1613;2316;2316
1180;38;10;4;0.300000;1613;2316;2316
1181;39;10;8;0.300000;1613;2316;2316
1182;40;10;4;0.300000;1613;2316;2316
1183;41;10;6;0.300000;1613;2316;2316
1184;42;10;6;0.300000;1613;2316;2316
1185;43;10;4;0.300000;1613;2316;2316
1186;44;10;4;0.300000;1613;2316;2316
1187;45;10;11;0.300000;1613;2316;2316
1188;46;10;8;0.300000;1613;2316;2316
1189;47;10;5;0.300000;1613;2316;2316
1190;48;10;5;0.300000;1613;2316;2316
1191;49;10;5;0.300000;1613;2316;2316
1192;50;10;7;0.300000;1613;2316;2316
1193;51;10;10;0.300000;1613;2316;2316
1194;52;10;4;0.300000;1613;2316;2316
1195;53;10;7;0.300000;1613;2316;2316
1196;54;10;8;0.300000;1613;2316;2316
1197;55;10;4;0.300000;1613;2316;2316
1198;56;10;5;0.300000;1613;2316;2316
1199;57;10;5;0.300000;1613;2316;2316
1200;58;10;12;0.300000;1613;2316;2316
1201;59;10;3;0.300000;1613;2316;2316
1202;60;10;3;0.300000;1613;2316;2316
1203;61;10;3;0.300000;1613;2316;2316
1204;62;10;3;0.300000;1613;2316;2316
1205;63;10;7;0.300000;1613;2316;2316
1206;64;10;8;0.300000;1613;2316;2316
1207;65;10;7;0.300000;1613;2316;2316
1208;66;10;5;0.300000;1613;2316;2316
1209;67;10;10;0.300000;1613;2316;2316
1210;68;10;5;0.300000;1613;2316;2316
1211;69;10;7;0.300000;1613;2316;2316
1212;70;10;5;0.300000;1613;2316;2316
1213;71;10;5;0.300000;1613;2316;2316
1214;72;10;5;0.300000;1613;2316;2316
1215;73;10;6;0.300000;1613;2316;2316
1216;74;10;8;0.300000;1613;2316;2316
1217;75;10;3;0.300000;1613;2316;2316
1218;76;10;11;0.300000;1613;2316;2316
1219;77;10;7;0.300000;1613;2316;2316
1220;78;10;4;0.300000;1613;2316;2316
1221;79;10;5;0.300000;1613;2316;2316
1222;80;10;5;0.300000;1613;2316;2316
1223;81;10;6;0.300000;1613;2316;2316
1224;82;10;4;0.300000;1613;2316;2316
1225;83;10;7;0.300000;1613;2316;2316
1226;84;10;12;0.300000;1613;2316;2316
1227;85;10;11;0.300000;1613;2316;2316
1228;86;10;6;0.300000;1613;2316;2316
1229;87;10;5;0.300000;1613;2316;2316
1230;88;10;6;0.300000;1613;2316;2316
1231;89;10;13;0.300000;1613;2316;2316
1232;90;10;6;0.300000;1613;2316;2316
1233;91;10;6;0.300000;1613;2316;2316
1234;92;10;6;0.300000;1613;2316;2316
1235;93;10;10;0.300000;1613;2316;2316
1236;94;10;6;0.300000;1613;2316;2316
1237;95;10;3;0.300000;1613;2316;2316
1238;96;10;5;0.300000;1613;2316;2316
1239;97;10;9;0.300000;1613;2316;2316
1240;98;10;8;0.300000;1613;2316;2316
1241;99;10;5;0.300000;1613;2316;2316
1242;100;10;7;0.300000;1613;2316;2316
1243;101;10;4;0.300000;1613;2316;2316
1244;102;10;5;0.300000;1613;2316;2316
1245;103;10;11;0.300000;1613;2316;2316
1246;104;10;11;0.300000;1613;2316;2316
1247;105;10;6;0.300000;1613;2316;2316
1248;106;10;8;0.300000;1613;2316;2316
1249;107;10;5;0.300000;1613;2316;2316
1250;108;10;5;0.300000;1613;2316;2316
1251;109;10;1;0.300000;1613;2316;2316
1252;110;10;7;0.300000;1613;2316;2316
1253;111;10;9;0.300000;1613;2316;2316
1254;112;10;9;0.300000;1613;2316;2316
1255;113;10;8;0.300000;1613;2316;2316
1256;114;10;6;0.300000;1613;2316;2316
1257;115;10;7;0.300000;1613;2316;2316
1258;116;10;6;0.300000;1613;2316;2316
1259;117;10;8;0.300000;1613;2316;2316
1260;118;10;9;0.300000;1613;2316;2316
1261;119;10;6;0.300000;1613;2316;2316
1262;120;10;11;0.300000;1613;2316;2316
1263;121;10;6;0.300000;1613;2316;2316
1264;122;10;7;0.300000;1613;2316;2316
1265;123;10;6;0.300000;1613;2316;2316
1266;124;10;6;0.300000;1613;2316;2316
1267;125;10;8;0.300000;1613;2316;2316
1268;126;10;4;0.300000;1613;2316;2316
1269;127;10;11;0.300000;1613;2316;2316
1270;128;10;5;0.300000;1613;2316;2316
1271;129;10;10;0.300000;1613;2316;2316
1272;130;10;7;0.300000;1613;2316;2316
1273;131;10;8;0.300000;1613;2316;2316
1274;132;10;5;0.300000;1613;2316;2316
1275;133;10;9;0.300000;1613;2316;2316
1276;134;10;6;0.300000;1613;2316;2316
1277;135;10;2;0.300000;1613;2316;2316
1278;136;10;7;0.300000;1613;2316;2316
1279;137;10;6;0.300000;1613;2316;2316
1280;138;10;7;0.300000;1613;2316;2316
1281;139;10;9;0.300000;1613;2316;2316
1282;140;10;4;0.300000;1613;2316;2316
1283;141;10;8;0.300000;1613;2316;2316
1284;142;10;9;0.300000;1613;2316;2316
1285;143;10;10;0.300000;1613;2316;2316
1286;144;10;10;0.300000;1613;2316;2316
1287;145;10;7;0.300000;1613;2316;2316
1288;146;10;9;0.300000;1613;2316;2316
1289;147;10;14;0.300000;1613;2316;2316
1290;148;10;10;0.300000;1613;2316;2316
1291;149;10;10;0.300000;1613;2316;2316
1292;150;10;5;0.300000;1613;2316;2316
1293;151;10;9;0.300000;1613;2316;2316
1294;152;10;9;0.300000;1613;2316;2316
1295;153;10;5;0.300000;1613;2316;2316
1296;154;10;8;0.300000;1613;2316;2316
1297;155;10;6;0.300000;1613;2316;2316
1298;156;10;9;0.300000;1613;2316;2316
1299;157;10;8;0.300000;1613;2316;2316
1300;158;10;5;0.300000;1613;2316;2316
1301;159;10;4;0.300000;1613;2316;2316
1302;160;10;4;0.300000;1613;2316;2316
1303;161;10;10;0.300000;1613;2316;2316
1304;162;10;7;0.300000;1613;2316;2316
1305;163;10;9;0.300000;1613;2316;2316
1306;164;10;4;0.300000;1613;2316;2316
1307;165;10;11;0.300000;1613;2316;2316
1308;166;10;5;0.300000;1613;2316;2316
1309;167;10;5;0.300000;1613;2316;2316
1310;168;10;8;0.300000;1613;2316;2316
1311;169;10;5;0.300000;1613;2316;2316
1312;170;10;7;0.300000;1613;2316;2316
1313;171;10;3;0.300000;1613;2316;2316
1314;172;10;7;0.300000;1613;2316;2316
1315;173;10;6;0.300000;1613;2316;2316
1316;174;10;11;0.300000;1613;2316;2316
1317;175;10;8;0.300000;1613;2316;2316
1318;176;10;8;0.300000;1613;2316;2316
1319;177;10;15;0.300000;1613;2316;2316
1320;178;10;8;0.300000;1613;2316;2316
1321;179;10;7;0.300000;1613;2316;2316
1322;180;10;5;0.300000;1613;2316;2316
1323;181;10;8;0.300000;1613;2316;2316
1324;182;10;11;0.300000;1613;2316;2316
1325;183;10;10;0.300000;1613;2316;2316
1326;184;10;13;0.300000;1613;2316;2316
1327;185;10;8;0.300000;1613;2316;2316
1328;186;10;6;0.300000;1613;2316;2316
1329;187;10;8;0.300000;1613;2316;2316
1330;188;10;7;0.300000;1613;2316;2316
1331;189;10;5;0.300000;1613;2316;2316
1332;190;10;6;0.300000;1613;2316;2316
1333;191;10;6;0.300000;1613;2316;2316
1334;192;10;7;0.300000;1613;2316;2316
1335;193;10;9;0.300000;1613;2316;2316
1336;194;10;5;0.300000;1613;2316;2316
1337;195;10;12;0.300000;1613;2316;2316
1338;196;10;9;0.300000;1613;2316;2316
1339;197;10;9;0.300000;1613;2316;2316
1340;198;10;9;0.300000;1613;2316;2316
1341;199;10;7;0.300000;1613;2316;2316
1342;200;10;6;0.300000;1613;2316;2316
1343;201;10;5;0.300000;1613;2316;2316
1344;30;10;7;0.300000;1613;2300;2300
1345;31;10;6;0.300000;1613;2300;2300
1346;32;10;2;0.300000;1613;2300;2300
1347;33;10;5;0.300000;1613;2300;2300
1348;34;10;5;0.300000;1613;2300;2300
1349;35;10;5;0.300000;1613;2300;2300
1350;36;10;6;0.300000;1613;2300;2300
1351;37;10;3;0.300000;1613;2300;2300
1352;38;10;6;0.300000;1613;2300;2300
1353;39;10;5;0.300000;1613;2300;2300
1354;40;10;7;0.300000;1613;2300;2300
1355;41;10;5;0.300000;1613;2300;2300
1356;42;10;6;0.300000;1613;2300;2300
1357;43;10;8;0.300000;1613;2300;2300
1358;44;10;7;0.300000;1613;2300;2300
1359;45;10;7;0.300000;1613;2300;2300
1360;46;10;6;0.300000;1613;2300;2300
1361;47;10;6;0.300000;1613;2300;2300
1362;48;10;4;0.300000;1613;2300;2300
1363;49;10;11;0.300000;1613;2300;2300
1364;50;10;9;0.300000;1613;2300;2300
1365;51;10;9;0.300000;1613;2300;2300
1366;52;10;8;0.300000;1613;2300;2300
1367;53;10;10;0.300000;1613;2300;2300
1368;54;10;6;0.300000;1613;2300;2300
1369;55;10;5;0.300000;1613;2300;2300
1370;56;10;5;0.300000;1613;2300;2300
1371;57;10;7;0.300000;1613;2300;2300
1372;58;10;9;0.300000;1613;2300;2300
1373;59;10;11;0.300000;1613;2300;2300
1374;60;10;9;0.300000;1613;2300;2300
1375;61;10;10;0.300000;1613;2300;2300
1376;62;10;4;0.300000;1613;2300;2300
1377;63;10;6;0.300000;1613;2300;2300
1378;64;10;4;0.300000;1613;2300;2300
1379;65;10;5;0.300000;1613;2300;2300
1380;66;10;7;0.300000;1613;2300;2300
1381;67;10;3;0.300000;1613;2300;2300
1382;68;10;4;0.300000;1613;2300;2300
1383;69;10;3;0.300000;1613;2300;2300
1384;70;10;7;0.300000;1613;2300;2300
1385;71;10;6;0.300000;1613;2300;2300
1386;72;10;9;0.300000;1613;2300;2300
1387;73;10;6;0.300000;1613;2300;2300
1388;74;10;9;0.300000;1613;2300;2300
1389;75;10;4;0.300000;1613;2300;2300
1390;76;10;1;0.300000;1613;2300;2300
1391;77;10;8;0.300000;1613;2300;2300
1392;78;10;6;0.300000;1613;2300;2300
1393;79;10;4;0.300000;1613;2300;2300
1394;80;10;7;0.300000;1613;2300;2300
1395;81;10;7;0.300000;1613;2300;2300
1396;82;10;5;0.300000;1613;2300;2300
1397;83;10;8;0.300000;1613;2300;2300
1398;84;10;8;0.300000;1613;2300;2300
1399;85;10;4;0.300000;1613;2300;2300
1400;86;10;4;0.300000;1613;2300;2300
1401;87;10;6;0.300000;1613;2300;2300
1402;88;10;6;0.300000;1613;2300;2300
1403;89;10;11;0.300000;1613;2300;2300
1404;90;10;8;0.300000;1613;2300;2300
1405;91;10;9;0.300000;1613;2300;2300
1406;92;10;9;0.300000;1613;2300;2300
1407;93;10;7;0.300000;1613;2300;2300
1408;94;10;5;0.300000;1613;2300;2300
1409;95;10;7;0.300000;1613;2300;2300
1410;96;10;9;0.300000;1613;2300;2300
1411;97;10;3;0.300000;1613;2300;2300
1412;98;10;5;0.300000;1613;2300;2300
1413;99;10;8;0.300000;1613;2300;2300
1414;100;10;9;0.300000;1613;2300;2300
1415;101;10;5;0.300000;1613;2300;2300
1416;102;10;9;0.300000;1613;2300;2300
1417;103;10;6;0.300000;1613;2300;2300
1418;104;10;9;0.300000;1613;2300;2300
1419;105;10;10;0.300000;1613;2300;2300
1420;106;10;4;0.300000;1613;2300;2300
1421;107;10;4;0.300000;1613;2300;2300
1422;108;10;8;0.300000;1613;2300;2300
1423;109;10;10;0.300000;1613;2300;2300
1424;110;10;8;0.300000;1613;2300;2300
1425;111;10;4;0.300000;1613;2300;2300
1426;112;10;7;0.300000;1613;2300;2300
1427;113;10;5;0.300000;1613;2300;2300
1428;114;10;7;0.300000;1613;2300;2300
1429;115;10;4;0.300000;1613;2300;2300
1430;116;10;5;0.300000;1613;2300;2300
1431;117;10;9;0.300000;1613;2300;2300
1432;118;10;5;0.300000;1613;2300;2300
1433;119;10;7;0.300000;1613;2300;2300
1434;120;10;9;0.300000;1613;2300;2300
1435;121;10;4;0.300000;1613;2300;2300
1436;122;10;3;0.300000;1613;2300;2300
1437;123;10;11;0.300000;1613;2300;2300
1438;124;10;7;0.300000;1613;2300;2300
1439;125;10;9;0.300000;1613;2300;2300
1440;126;10;6;0.300000;1613;2300;2300
1441;127;10;5;0.300000;1613;2300;2300
1442;128;10;5;0.300000;1613;2300;2300
1443;129;10;3;0.300000;1613;2300;2300
1444;130;10;5;0.300000;1613;2300;2300
1445;131;10;2;0.300000;1613;2300;2300
1446;132;10;10;0.300000;1613;2300;2300
1447;133;10;6;0.300000;1613;2300;2300
1448;134;10;2;0.300000;1613;2300;2300
1449;135;10;9;0.300000;1613;2300;2300
1450;136;10;5;0.300000;1613;2300;2300
1451;137;10;5;0.300000;1613;2300;2300
1452;138;10;4;0.300000;1613;2300;2300
1453;30;10;4;0.300000;1613;2294;2294
1454;30;10;10;0.300000;1613;2277;2277
1455;31;10;9;0.300000;1613;2277;2277
1456;32;10;6;0.300000;1613;2277;2277
1457;33;10;4;0.300000;1613;2277;2277
1458;34;10;4;0.300000;1613;2277;2277
1459;35;10;1;0.300000;1613;2277;2277
1460;36;10;4;0.300000;1613;2277;2277
1461;37;10;8;0.300000;1613;2277;2277
1462;38;10;6;0.300000;1613;2277;2277
1463;39;10;3;0.300000;1613;2277;2277
1464;40;10;3;0.300000;1613;2277;2277
1465;41;10;4;0.300000;1613;2277;2277
1466;42;10;4;0.300000;1613;2277;2277
1467;43;10;6;0.300000;1613;2277;2277
1468;44;10;6;0.300000;1613;2277;2277
1469;45;10;3;0.300000;1613;2277;2277
1470;46;10;4;0.300000;1613;2277;2277
1471;47;10;3;0.300000;1613;2277;2277
1472;48;10;8;0.300000;1613;2277;2277
1473;49;10;5;0.300000;1613;2277;2277
1474;50;10;2;0.300000;1613;2277;2277
1475;51;10;4;0.300000;1613;2277;2277
1476;52;10;6;0.300000;1613;2277;2277
1477;53;10;7;0.300000;1613;2277;2277
1478;54;10;6;0.300000;1613;2277;2277
1479;55;10;7;0.300000;1613;2277;2277
1480;56;10;2;0.300000;1613;2277;2277
1481;57;10;4;0.300000;1613;2277;2277
1482;58;10;7;0.300000;1613;2277;2277
1483;59;10;8;0.300000;1613;2277;2277
1484;60;10;6;0.300000;1613;2277;2277
1485;61;10;3;0.300000;1613;2277;2277
1486;62;10;4;0.300000;1613;2277;2277
1487;63;10;4;0.300000;1613;2277;2277
1488;30;10;3;0.300000;1613;2220;2220
1489;31;10;6;0.300000;1613;2220;2220
1490;32;10;9;0.300000;1613;2220;2220
1491;33;10;4;0.300000;1613;2220;2220
1492;34;10;7;0.300000;1613;2220;2220
1493;35;10;8;0.300000;1613;2220;2220
1494;36;10;7;0.300000;1613;2220;2220
1495;37;10;4;0.300000;1613;2220;2220
1496;38;10;7;0.300000;1613;2220;2220
1497;39;10;4;0.300000;1613;2220;2220
1498;40;10;6;0.300000;1613;2220;2220
1499;41;10;8;0.300000;1613;2220;2220
1500;42;10;5;0.300000;1613;2220;2220
1501;43;10;6;0.300000;1613;2220;2220
1502;44;10;5;0.300000;1613;2220;2220
1503;45;10;4;0.300000;1613;2220;2220
1504;46;10;8;0.300000;1613;2220;2220
1505;47;10;6;0.300000;1613;2220;2220
1506;48;10;5;0.300000;1613;2220;2220
1507;30;10;3;0.300000;1613;2169;2169
1508;31;10;8;0.300000;1613;2169;2169
1509;32;10;5;0.300000;1613;2169;2169
1510;33;10;2;0.300000;1613;2169;2169
1511;34;10;3;0.300000;1613;2169;2169
1512;35;10;4;0.300000;1613;2169;2169
1513;36;10;3;0.300000;1613;2169;2169
1514;37;10;4;0.300000;1613;2169;2169
1515;38;10;1;0.300000;1613;2169;2169
1516;39;10;4;0.300000;1613;2169;2169
1517;40;10;5;0.300000;1613;2169;2169
1518;41;10;9;0.300000;1613;2169;2169
1519;42;10;6;0.300000;1613;2169;2169
1520;43;10;9;0.300000;1613;2169;2169
1521;44;10;8;0.300000;1613;2169;2169
1522;45;10;5;0.300000;1613;2169;2169
1523;46;10;4;0.300000;1613;2169;2169
1524;47;10;8;0.300000;1613;2169;2169
1525;48;10;7;0.300000;1613;2169;2169
1526;49;10;3;0.300000;1613;2169;2169
1527;50;10;6;0.300000;1613;2169;2169
1528;51;10;5;0.300000;1613;2169;2169
1529;52;10;6;0.300000;1613;2169;2169
1530;53;10;3;0.300000;1613;2169;2169
1531;54;10;3;0.300000;1613;2169;2169
1532;55;10;6;0.300000;1613;2169;2169
1533;56;10;3;0.300000;1613;2169;2169
1534;57;10;7;0.300000;1613;2169;2169
1535;58;10;6;0.300000;1613;2169;2169
1536;59;10;9;0.300000;1613;2169;2169
1537;60;10;2;0.300000;1613;2169;2169
1538;61;10;9;0.300000;1613;2169;2169
1539;62;10;4;0.300000;1613;2169;2169
1540;63;10;6;0.300000;1613;2169;2169
1541;64;10;3;0.300000;1613;2169;2169
1542;65;10;3;0.300000;1613;2169;2169
1543;66;10;7;0.300000;1613;2169;2169
1544;67;10;7;0.300000;1613;2169;2169
1545;68;10;6;0.300000;1613;2169;2169
1546;69;10;5;0.300000;1613;2169;2169
1547;70;10;4;0.300000;1613;2169;2169
1548;71;10;5;0.300000;1613;2169;2169
1549;72;10;8;0.300000;1613;2169;2169
1550;73;10;5;0.300000;1613;2169;2169
1551;74;10;6;0.300000;1613;2169;2169
1552;75;10;7;0.300000;1613;2169;2169
1553;76;10;3;0.300000;1613;2169;2169
1554;77;10;4;0.300000;1613;2169;2169
1555;78;10;7;0.300000;1613;2169;2169
1556;79;10;4;0.300000;1613;2169;2169
1557;80;10;3;0.300000;1613;2169;2169
1558;81;10;7;0.300000;1613;2169;2169
1559;82;10;7;0.300000;1613;2169;2169
1560;83;10;7;0.300000;1613;2169;2169
1561;84;10;5;0.300000;1613;2169;2169
1562;85;10;3;0.300000;1613;2169;2169
1563;86;10;4;0.300000;1613;2169;2169
1564;87;10;4;0.300000;1613;2169;2169
1565;88;10;7;0.300000;1613;2169;2169
1566;89;10;5;0.300000;1613;2169;2169
1567;90;10;6;0.300000;1613;2169;2169
1568;91;10;3;0.300000;1613;2169;2169
1569;92;10;7;0.300000;1613;2169;2169
1570;93;10;4;0.300000;1613;2169;2169
1571;94;10;7;0.300000;1613;2169;2169
1572;95;10;11;0.300000;1613;2169;2169
1573;96;10;4;0.300000;1613;2169;2169
1574;97;10;5;0.300000;1613;2169;2169
1575;98;10;4;0.300000;1613;2169;2169
1576;99;10;3;0.300000;1613;2169;2169
1577;100;10;8;0.300000;1613;2169;2169
1578;101;10;5;0.300000;1613;2169;2169
1579;102;10;6;0.300000;1613;2169;2169
1580;103;10;7;0.300000;1613;2169;2169
1581;104;10;9;0.300000;1613;2169;2169
1582;105;10;8;0.300000;1613;2169;2169
1583;106;10;8;0.300000;1613;2169;2169
1584;107;10;11;0.300000;1613;2169;2169
1585;108;10;8;0.300000;1613;2169;2169
1586;109;10;5;0.300000;1613;2169;2169
1587;110;10;6;0.300000;1613;2169;2169
1588;30;10;10;0.300000;1613;2152;2152
1589;31;10;10;0.300000;1613;2152;2152
1590;32;10;9;0.300000;1613;2152;2152
1591;33;10;7;0.300000;1613;2152;2152
1592;34;10;2;0.300000;1613;2152;2152
1593;35;10;2;0.300000;1613;2152;2152
1594;36;10;3;0.300000;1613;2152;2152
1595;37;10;3;0.300000;1613;2152;2152
1596;38;10;9;0.300000;1613;2152;2152
1597;39;10;3;0.300000;1613;2152;2152
1598;40;10;5;0.300000;1613;2152;2152
1599;41;10;6;0.300000;1613;2152;2152
1600;42;10;5;0.300000;1613;2152;2152
1601;43;10;7;0.300000;1613;2152;2152
1602;44;10;2;0.300000;1613;2152;2152
1603;45;10;6;0.300000;1613;2152;2152
1604;46;10;4;0.300000;1613;2152;2152
1605;47;10;2;0.300000;1613;2152;2152
1606;48;10;7;0.300000;1613;2152;2152
1607;49;10;7;0.300000;1613;2152;2152
1608;50;10;7;0.300000;1613;2152;2152
1609;51;10;2;0.300000;1613;2152;2152
1610;52;10;7;0.300000;1613;2152;2152
1611;53;10;10;0.300000;1613;2152;2152
1612;54;10;7;0.300000;1613;2152;2152
1613;55;10;7;0.300000;1613;2152;2152
1614;56;10;2;0.300000;1613;2152;2152
1615;57;10;6;0.300000;1613;2152;2152
1616;58;10;3;0.300000;1613;2152;2152
1617;59;10;5;0.300000;1613;2152;2152
1618;60;10;6;0.300000;1613;2152;2152
1619;61;10;2;0.300000;1613;2152;2152
1620;62;10;3;0.300000;1613;2152;2152
1621;63;10;7;0.300000;1613;2152;2152
1622;64;10;9;0.300000;1613;2152;2152
1623;65;10;6;0.300000;1613;2152;2152
1624;66;10;7;0.300000;1613;2152;2152
1625;67;10;4;0.300000;1613;2152;2152
1626;68;10;6;0.300000;1613;2152;2152
1627;69;10;3;0.300000;1613;2152;2152
1628;70;10;5;0.300000;1613;2152;2152
1629;71;10;7;0.300000;1613;2152;2152
1630;72;10;8;0.300000;1613;2152;2152
1631;73;10;9;0.300000;1613;2152;2152
1632;74;10;10;0.300000;1613;2152;2152
1633;75;10;7;0.300000;1613;2152;2152
1634;76;10;13;0.300000;1613;2152;2152
1635;77;10;8;0.300000;1613;2152;2152
1636;78;10;4;0.300000;1613;2152;2152
1637;79;10;4;0.300000;1613;2152;2152
1638;80;10;7;0.300000;1613;2152;2152
1639;81;10;5;0.300000;1613;2152;2152
1640;82;10;7;0.300000;1613;2152;2152
1641;83;10;8;0.300000;1613;2152;2152
1642;84;10;4;0.300000;1613;2152;2152
1643;85;10;4;0.300000;1613;2152;2152
1644;86;10;5;0.300000;1613;2152;2152
1645;87;10;6;0.300000;1613;2152;2152
1646;88;10;4;0.300000;1613;2152;2152
1647;89;10;4;0.300000;1613;2152;2152
1648;90;10;8;0.300000;1613;2152;2152
1649;91;10;6;0.300000;1613;2152;2152
1650;92;10;7;0.300000;1613;2152;2152
1651;93;10;8;0.300000;1613;2152;2152
1652;94;10;7;0.300000;1613;2152;2152
1653;95;10;9;0.300000;1613;2152;2152
1654;96;10;10;0.300000;1613;2152;2152
1655;97;10;3;0.300000;1613;2152;2152
1656;98;10;4;0.300000;1613;2152;2152
1657;99;10;7;0.300000;1613;2152;2152
1658;100;10;7;0.300000;1613;2152;2152
1659;101;10;8;0.300000;1613;2152;2152
1660;102;10;7;0.300000;1613;2152;2152
1661;103;10;7;0.300000;1613;2152;2152
1662;104;10;8;0.300000;1613;2152;2152
1663;105;10;5;0.300000;1613;2152;2152
1664;106;10;8;0.300000;1613;2152;2152
1665;107;10;5;0.300000;1613;2152;2152
1666;108;10;6;0.300000;1613;2152;2152
1667;109;10;9;0.300000;1613;2152;2152
1668;110;10;10;0.300000;1613;2152;2152
1669;111;10;6;0.300000;1613;2152;2152
1670;112;10;10;0.300000;1613;2152;2152
1671;113;10;8;0.300000;1613;2152;2152
1672;114;10;6;0.300000;1613;2152;2152
1673;115;10;6;0.300000;1613;2152;2152
1674;116;10;6;0.300000;1613;2152;2152
1675;117;10;6;0.300000;1613;2152;2152
1676;118;10;5;0.300000;1613;2152;2152
1677;119;10;4;0.300000;1613;2152;2152
1678;120;10;4;0.300000;1613;2152;2152
1679;121;10;7;0.300000;1613;2152;2152
1680;122;10;5;0.300000;1613;2152;2152
1681;123;10;7;0.300000;1613;2152;2152
1682;124;10;7;0.300000;1613;2152;2152
1683;125;10;6;0.300000;1613;2152;2152
1684;126;10;6;0.300000;1613;2152;2152
1685;127;10;11;0.300000;1613;2152;2152
1686;128;10;5;0.300000;1613;2152;2152
1687;129;10;6;0.300000;1613;2152;2152
1688;130;10;8;0.300000;1613;2152;2152
1689;131;10;6;0.300000;1613;2152;2152
1690;132;10;6;0.300000;1613;2152;2152
1691;133;10;7;0.300000;1613;2152;2152
1692;134;10;6;0.300000;1613;2152;2152
1693;135;10;5;0.300000;1613;2152;2152
1694;136;10;5;0.300000;1613;2152;2152
1695;137;10;7;0.300000;1613;2152;2152
1696;138;10;7;0.300000;1613;2152;2152
1697;139;10;7;0.300000;1613;2152;2152
1698;140;10;5;0.300000;1613;2152;2152
1699;141;10;5;0.300000;1613;2152;2152
1700;142;10;9;0.300000;1613;2152;2152
1701;143;10;7;0.300000;1613;2152;2152
1702;144;10;8;0.300000;1613;2152;2152
1703;145;10;13;0.300000;1613;2152;2152
1704;146;10;6;0.300000;1613;2152;2152
1705;147;10;9;0.300000;1613;2152;2152
1706;148;10;9;0.300000;1613;2152;2152
1707;149;10;5;0.300000;1613;2152;2152
1708;150;10;8;0.300000;1613;2152;2152
1709;151;10;4;0.300000;1613;2152;2152
1710;152;10;9;0.300000;1613;2152;2152
1711;153;10;6;0.300000;1613;2152;2152
1712;154;10;10;0.300000;1613;2152;2152
1713;155;10;6;0.300000;1613;2152;2152
1714;156;10;9;0.300000;1613;2152;2152
1715;157;10;7;0.300000;1613;2152;2152
1716;158;10;7;0.300000;1613;2152;2152
1717;159;10;7;0.300000;1613;2152;2152
1718;160;10;6;0.300000;1613;2152;2152
1719;161;10;7;0.300000;1613;2152;2152
1720;162;10;10;0.300000;1613;2152;2152
1721;163;10;9;0.300000;1613;2152;2152
1722;164;10;11;0.300000;1613;2152;2152
1723;165;10;17;0.300000;1613;2152;2152
1724;166;10;5;0.300000;1613;2152;2152
1725;167;10;5;0.300000;1613;2152;2152
1726;168;10;7;0.300000;1613;2152;2152
1727;169;10;5;0.300000;1613;2152;2152
1728;170;10;3;0.300000;1613;2152;2152
1729;171;10;8;0.300000;1613;2152;2152
1730;172;10;6;0.300000;1613;2152;2152
1731;173;10;5;0.300000;1613;2152;2152
1732;174;10;7;0.300000;1613;2152;2152
1733;175;10;6;0.300000;1613;2152;2152
1734;176;10;5;0.300000;1613;2152;2152
1735;177;10;4;0.300000;1613;2152;2152
1736;178;10;7;0.300000;1613;2152;2152
1737;179;10;9;0.300000;1613;2152;2152
1738;180;10;8;0.300000;1613;2152;2152
1739;181;10;7;0.300000;1613;2152;2152
1740;182;10;1;0.300000;1613;2152;2152
1741;183;10;8;0.300000;1613;2152;2152
1742;184;10;7;0.300000;1613;2152;2152
1743;185;10;4;0.300000;1613;2152;2152
1744;186;10;3;0.300000;1613;2152;2152
1745;187;10;6;0.300000;1613;2152;2152
1746;188;10;5;0.300000;1613;2152;2152
1747;189;10;9;0.300000;1613;2152;2152
1748;190;10;10;0.300000;1613;2152;2152
1749;191;10;9;0.300000;1613;2152;2152
1750;192;10;7;0.300000;1613;2152;2152
1751;193;10;9;0.300000;1613;2152;2152
1752;194;10;10;0.300000;1613;2152;2152
1753;195;10;7;0.300000;1613;2152;2152
1754;196;10;9;0.300000;1613;2152;2152
1755;197;10;9;0.300000;1613;2152;2152
1756;198;10;5;0.300000;1613;2152;2152
1757;199;10;6;0.300000;1613;2152;2152
1758;200;10;7;0.300000;1613;2152;2152
1759;201;10;4;0.300000;1613;2152;2152
1760;202;10;8;0.300000;1613;2152;2152
1761;203;10;3;0.300000;1613;2152;2152
1762;204;10;7;0.300000;1613;2152;2152
1763;205;10;6;0.300000;1613;2152;2152
1764;206;10;5;0.300000;1613;2152;2152
1765;207;10;4;0.300000;1613;2152;2152
1766;208;10;2;0.300000;1613;2152;2152
1767;209;10;3;0.300000;1613;2152;2152
1768;210;10;6;0.300000;1613;2152;2152
1769;211;10;7;0.300000;1613;2152;2152
1770;212;10;9;0.300000;1613;2152;2152
1771;213;10;4;0.300000;1613;2152;2152
1772;214;10;5;0.300000;1613;2152;2152
1773;215;10;3;0.300000;1613;2152;2152
1774;216;10;7;0.300000;1613;2152;2152
1775;217;10;4;0.300000;1613;2152;2152
1776;218;10;6;0.300000;1613;2152;2152
1777;219;10;3;0.300000;1613;2152;2152
1778;220;10;8;0.300000;1613;2152;2152
1779;221;10;6;0.300000;1613;2152;2152
1780;222;10;7;0.300000;1613;2152;2152
1781;223;10;7;0.300000;1613;2152;2152
1782;224;10;8;0.300000;1613;2152;2152
1783;225;10;12;0.300000;1613;2152;2152
1784;226;10;7;0.300000;1613;2152;2152
1785;227;10;12;0.300000;1613;2152;2152
1786;228;10;8;0.300000;1613;2152;2152
1787;229;10;6;0.300000;1613;2152;2152
1788;230;10;8;0.300000;1613;2152;2152
1789;231;10;6;0.300000;1613;2152;2152
1790;232;10;9;0.300000;1613;2152;2152
1791;233;10;5;0.300000;1613;2152;2152
1792;234;10;8;0.300000;1613;2152;2152
1793;235;10;13;0.300000;1613;2152;2152
1794;236;10;4;0.300000;1613;2152;2152
1795;237;10;8;0.300000;1613;2152;2152
1796;238;10;14;0.300000;1613;2152;2152
1797;239;10;9;0.300000;1613;2152;2152
1798;240;10;5;0.300000;1613;2152;2152
1799;241;10;7;0.300000;1613;2152;2152
1800;242;10;6;0.300000;1613;2152;2152
1801;243;10;9;0.300000;1613;2152;2152
1802;244;10;8;0.300000;1613;2152;2152
1803;245;10;7;0.300000;1613;2152;2152
1804;246;10;8;0.300000;1613;2152;2152
1805;247;10;7;0.300000;1613;2152;2152
1806;248;10;6;0.300000;1613;2152;2152
1807;249;10;6;0.300000;1613;2152;2152
1808;250;10;6;0.300000;1613;2152;2152
1809;251;10;4;0.300000;1613;2152;2152
1810;252;10;8;0.300000;1613;2152;2152
1811;253;10;5;0.300000;1613;2152;2152
1812;254;10;6;0.300000;1613;2152;2152
1813;255;10;6;0.300000;1613;2152;2152
1814;256;10;12;0.300000;1613;2152;2152
1815;257;10;6;0.300000;1613;2152;2152
1816;258;10;7;0.300000;1613;2152;2152
1817;259;10;9;0.300000;1613;2152;2152
1818;260;10;9;0.300000;1613;2152;2152
1819;261;10;7;0.300000;1613;2152;2152
1820;262;10;7;0.300000;1613;2152;2152
1821;263;10;8;0.300000;1613;2152;2152
1822;264;10;8;0.300000;1613;2152;2152
1823;265;10;11;0.300000;1613;2152;2152
1824;266;10;9;0.300000;1613;2152;2152
1825;267;10;6;0.300000;1613;2152;2152
1826;268;10;5;0.300000;1613;2152;2152
1827;269;10;5;0.300000;1613;2152;2152
1828;270;10;9;0.300000;1613;2152;2152
1829;271;10;5;0.300000;1613;2152;2152
1830;272;10;6;0.300000;1613;2152;2152
1831;273;10;8;0.300000;1613;2152;2152
1832;274;10;6;0.300000;1613;2152;2152
1833;275;10;6;0.300000;1613;2152;2152
1834;276;10;3;0.300000;1613;2152;2152
1835;277;10;8;0.300000;1613;2152;2152
1836;278;10;8;0.300000;1613;2152;2152
1837;279;10;8;0.300000;1613;2152;2152
1838;280;10;2;0.300000;1613;2152;2152
1839;281;10;2;0.300000;1613;2152;2152
1840;282;10;5;0.300000;1613;2152;2152
1841;283;10;6;0.300000;1613;2152;2152
1842;284;10;5;0.300000;1613;2152;2152
1843;285;10;6;0.300000;1613;2152;2152
1844;286;10;9;0.300000;1613;2152;2152
1845;287;10;9;0.300000;1613;2152;2152
1846;288;10;9;0.300000;1613;2152;2152
1847;289;10;7;0.300000;1613;2152;2152
1848;290;10;6;0.300000;1613;2152;2152
1849;291;10;5;0.300000;1613;2152;2152
1850;292;10;6;0.300000;1613;2152;2152
1851;293;10;7;0.300000;1613;2152;2152
1852;294;10;11;0.300000;1613;2152;2152
1853;295;10;11;0.300000;1613;2152;2152
1854;296;10;4;0.300000;1613;2152;2152
1855;297;10;3;0.300000;1613;2152;2152
1856;298;10;10;0.300000;1613;2152;2152
1857;299;10;7;0.300000;1613;2152;2152
1858;300;10;7;0.300000;1613;2152;2152
1859;301;10;5;0.300000;1613;2152;2152
1860;302;10;6;0.300000;1613;2152;2152
1861;303;10;13;0.300000;1613;2152;2152
1862;304;10;6;0.300000;1613;2152;2152
1863;305;10;10;0.300000;1613;2152;2152
1864;306;10;7;0.300000;1613;2152;2152
1865;307;10;6;0.300000;1613;2152;2152
1866;308;10;4;0.300000;1613;2152;2152
1867;309;10;8;0.300000;1613;2152;2152
1868;310;10;11;0.300000;1613;2152;2152
1869;311;10;7;0.300000;1613;2152;2152
1870;312;10;5;0.300000;1613;2152;2152
1871;313;10;4;0.300000;1613;2152;2152
1872;314;10;5;0.300000;1613;2152;2152
1873;315;10;6;0.300000;1613;2152;2152
1874;316;10;4;0.300000;1613;2152;2152
1875;317;10;3;0.300000;1613;2152;2152
1876;318;10;8;0.300000;1613;2152;2152
1877;319;10;10;0.300000;1613;2152;2152
1878;320;10;7;0.300000;1613;2152;2152
1879;321;10;4;0.300000;1613;2152;2152
1880;322;10;5;0.300000;1613;2152;2152
1881;323;10;6;0.300000;1613;2152;2152
1882;324;10;9;0.300000;1613;2152;2152
1883;325;10;5;0.300000;1613;2152;2152
1884;326;10;5;0.300000;1613;2152;2152
1885;327;10;5;0.300000;1613;2152;2152
1886;328;10;8;0.300000;1613;2152;2152
1887;329;10;7;0.300000;1613;2152;2152
1888;330;10;9;0.300000;1613;2152;2152
1889;331;10;9;0.300000;1613;2152;2152
1890;332;10;5;0.300000;1613;2152;2152
1891;333;10;8;0.300000;1613;2152;2152
1892;334;10;9;0.300000;1613;2152;2152
1893;335;10;4;0.300000;1613;2152;2152
1894;336;10;3;0.300000;1613;2152;2152
1895;337;10;5;0.300000;1613;2152;2152
1896;338;10;5;0.300000;1613;2152;2152
1897;339;10;9;0.300000;1613;2152;2152
1898;340;10;7;0.300000;1613;2152;2152
1899;341;10;6;0.300000;1613;2152;2152
1900;342;10;8;0.300000;1613;2152;2152
1901;343;10;11;0.300000;1613;2152;2152
1902;344;10;6;0.300000;1613;2152;2152
1903;345;10;15;0.300000;1613;2152;2152
1904;346;10;9;0.300000;1613;2152;2152
1905;347;10;10;0.300000;1613;2152;2152
1906;348;10;11;0.300000;1613;2152;2152
1907;349;10;10;0.300000;1613;2152;2152
1908;350;10;12;0.300000;1613;2152;2152
1909;351;10;13;0.300000;1613;2152;2152
1910;352;10;15;0.300000;1613;2152;2152
1911;353;10;3;0.300000;1613;2152;2152
1912;354;10;7;0.300000;1613;2152;2152
1913;355;10;8;0.300000;1613;2152;2152
1914;356;10;6;0.300000;1613;2152;2152
1915;357;10;6;0.300000;1613;2152;2152
1916;358;10;5;0.300000;1613;2152;2152
1917;359;10;4;0.300000;1613;2152;2152
1918;360;10;9;0.300000;1613;2152;2152
1919;361;10;9;0.300000;1613;2152;2152
1920;362;10;5;0.300000;1613;2152;2152
1921;363;10;3;0.300000;1613;2152;2152
1922;364;10;5;0.300000;1613;2152;2152
1923;365;10;7;0.300000;1613;2152;2152
1924;366;10;7;0.300000;1613;2152;2152
1925;367;10;5;0.300000;1613;2152;2152
1926;368;10;7;0.300000;1613;2152;2152
1927;369;10;11;0.300000;1613;2152;2152
1928;370;10;7;0.300000;1613;2152;2152
1929;371;10;8;0.300000;1613;2152;2152
1930;372;10;3;0.300000;1613;2152;2152
1931;373;10;9;0.300000;1613;2152;2152
1932;374;10;11;0.300000;1613;2152;2152
1933;375;10;7;0.300000;1613;2152;2152
1934;376;10;2;0.300000;1613;2152;2152
1935;377;10;9;0.300000;1613;2152;2152
1936;378;10;8;0.300000;1613;2152;2152
1937;379;10;8;0.300000;1613;2152;2152
1938;380;10;8;0.300000;1613;2152;2152
1939;381;10;6;0.300000;1613;2152;2152
1940;382;10;7;0.300000;1613;2152;2152
1941;383;10;5;0.300000;1613;2152;2152
1942;384;10;9;0.300000;1613;2152;2152
1943;385;10;9;0.300000;1613;2152;2152
1944;386;10;8;0.300000;1613;2152;2152
1945;387;10;10;0.300000;1613;2152;2152
1946;388;10;7;0.300000;1613;2152;2152
1947;389;10;11;0.300000;1613;2152;2152
1948;390;10;6;0.300000;1613;2152;2152
1949;391;10;8;0.300000;1613;2152;2152
1950;392;10;2;0.300000;1613;2152;2152
1951;393;10;8;0.300000;1613;2152;2152
1952;394;10;10;0.300000;1613;2152;2152
1953;395;10;10;0.300000;1613;2152;2152
1954;396;10;6;0.300000;1613;2152;2152
1955;397;10;9;0.300000;1613;2152;2152
1956;398;10;13;0.300000;1613;2152;2152
1957;399;10;10;0.300000;1613;2152;2152
1958;400;10;8;0.300000;1613;2152;2152
1959;401;10;10;0.300000;1613;2152;2152
1960;402;10;5;0.300000;1613;2152;2152
1961;403;10;7;0.300000;1613;2152;2152
1962;404;10;7;0.300000;1613;2152;2152
1963;405;10;6;0.300000;1613;2152;2152
1964;406;10;6;0.300000;1613;2152;2152
1965;407;10;6;0.300000;1613;2152;2152
1966;408;10;7;0.300000;1613;2152;2152
1967;409;10;7;0.300000;1613;2152;2152
1968;410;10;7;0.300000;1613;2152;2152
1969;411;10;6;0.300000;1613;2152;2152
1970;412;10;9;0.300000;1613;2152;2152
1971;413;10;8;0.300000;1613;2152;2152
1972;414;10;10;0.300000;1613;2152;2152
1973;415;10;5;0.300000;1613;2152;2152
1974;416;10;14;0.300000;1613;2152;2152
1975;417;10;6;0.300000;1613;2152;2152
1976;418;10;12;0.300000;1613;2152;2152
1977;419;10;9;0.300000;1613;2152;2152
1978;420;10;11;0.300000;1613;2152;2152
1979;421;10;6;0.300000;1613;2152;2152
1980;422;10;8;0.300000;1613;2152;2152
1981;423;10;5;0.300000;1613;2152;2152
1982;424;10;6;0.300000;1613;2152;2152
1983;425;10;5;0.300000;1613;2152;2152
1984;426;10;6;0.300000;1613;2152;2152
1985;427;10;4;0.300000;1613;2152;2152
1986;428;10;5;0.300000;1613;2152;2152
1987;429;10;9;0.300000;1613;2152;2152
1988;430;10;10;0.300000;1613;2152;2152
1989;431;10;8;0.300000;1613;2152;2152
1990;432;10;5;0.300000;1613;2152;2152
1991;433;10;6;0.300000;1613;2152;2152
1992;434;10;5;0.300000;1613;2152;2152
1993;435;10;6;0.300000;1613;2152;2152
1994;436;10;9;0.300000;1613;2152;2152
1995;437;10;6;0.300000;1613;2152;2152
1996;438;10;9;0.300000;1613;2152;2152
1997;439;10;4;0.300000;1613;2152;2152
1998;440;10;4;0.300000;1613;2152;2152
1999;441;10;8;0.300000;1613;2152;2152
2000;442;10;8;0.300000;1613;2152;2152
2001;443;10;7;0.300000;1613;2152;2152
2002;444;10;12;0.300000;1613;2152;2152
2003;445;10;7;0.300000;1613;2152;2152
2004;446;10;6;0.300000;1613;2152;2152
2005;447;10;4;0.300000;1613;2152;2152
2006;448;10;7;0.300000;1613;2152;2152
2007;449;10;12;0.300000;1613;2152;2152
2008;450;10;9;0.300000;1613;2152;2152
2009;451;10;7;0.300000;1613;2152;2152
2010;452;10;7;0.300000;1613;2152;2152
2011;453;10;10;0.300000;1613;2152;2152
2012;454;10;6;0.300000;1613;2152;2152
2013;455;10;9;0.300000;1613;2152;2152
2014;456;10;8;0.300000;1613;2152;2152
2015;457;10;7;0.300000;1613;2152;2152
2016;458;10;8;0.300000;1613;2152;2152
2017;459;10;7;0.300000;1613;2152;2152
2018;460;10;7;0.300000;1613;2152;2152
2019;461;10;7;0.300000;1613;2152;2152
2020;462;10;6;0.300000;1613;2152;2152
2021;463;10;6;0.300000;1613;2152;2152
2022;464;10;7;0.300000;1613;2152;2152
2023;465;10;9;0.300000;1613;2152;2152
2024;466;10;5;0.300000;1613;2152;2152
2025;467;10;7;0.300000;1613;2152;2152
2026;468;10;11;0.300000;1613;2152;2152
2027;469;10;6;0.300000;1613;2152;2152
2028;470;10;9;0.300000;1613;2152;2152
2029;471;10;7;0.300000;1613;2152;2152
2030;472;10;10;0.300000;1613;2152;2152
2031;473;10;6;0.300000;1613;2152;2152
2032;474;10;5;0.300000;1613;2152;2152
2033;475;10;9;0.300000;1613;2152;2152
2034;476;10;5;0.300000;1613;2152;2152
2035;477;10;9;0.300000;1613;2152;2152
2036;478;10;5;0.300000;1613;2152;2152
2037;479;10;7;0.300000;1613;2152;2152
2038;480;10;5;0.300000;1613;2152;2152
2039;481;10;9;0.300000;1613;2152;2152
2040;482;10;4;0.300000;1613;2152;2152
2041;483;10;6;0.300000;1613;2152;2152
2042;484;10;2;0.300000;1613;2152;2152
2043;485;10;8;0.300000;1613;2152;2152
2044;486;10;11;0.300000;1613;2152;2152
2045;487;10;10;0.300000;1613;2152;2152
2046;488;10;5;0.300000;1613;2152;2152
2047;489;10;9;0.300000;1613;2152;2152
2048;490;10;5;0.300000;1613;2152;2152
2049;491;10;5;0.300000;1613;2152;2152
2050;492;10;8;0.300000;1613;2152;2152
2051;493;10;12;0.300000;1613;2152;2152
2052;494;10;7;0.300000;1613;2152;2152
2053;495;10;7;0.300000;1613;2152;2152
2054;496;10;6;0.300000;1613;2152;2152
2055;497;10;7;0.300000;1613;2152;2152
2056;498;10;4;0.300000;1613;2152;2152
2057;499;10;10;0.300000;1613;2152;2152
2058;500;10;12;0.300000;1613;2152;2152
2059;501;10;10;0.300000;1613;2152;2152
2060;502;10;8;0.300000;1613;2152;2152
2061;503;10;11;0.300000;1613;2152;2152
2062;504;10;10;0.300000;1613;2152;2152
2063;505;10;8;0.300000;1613;2152;2152
2064;506;10;13;0.300000;1613;2152;2152
2065;507;10;5;0.300000;1613;2152;2152
2066;508;10;10;0.300000;1613;2152;2152
2067;509;10;8;0.300000;1613;2152;2152
2068;510;10;6;0.300000;1613;2152;2152
2069;511;10;6;0.300000;1613;2152;2152
2070;512;10;8;0.300000;1613;2152;2152
2071;513;10;9;0.300000;1613;2152;2152
2072;514;10;11;0.300000;1613;2152;2152
2073;515;10;10;0.300000;1613;2152;2152
2074;516;10;8;0.300000;1613;2152;2152
2075;517;10;12;0.300000;1613;2152;2152
2076;518;10;8;0.300000;1613;2152;2152
2077;519;10;8;0.300000;1613;2152;2152
2078;520;10;7;0.300000;1613;2152;2152
2079;521;10;9;0.300000;1613;2152;2152
2080;522;10;6;0.300000;1613;2152;2152
2081;523;10;4;0.300000;1613;2152;2152
2082;524;10;6;0.300000;1613;2152;2152
2083;525;10;5;0.300000;1613;2152;2152
2084;526;10;9;0.300000;1613;2152;2152
2085;527;10;8;0.300000;1613;2152;2152
2086;528;10;4;0.300000;1613;2152;2152
2087;529;10;6;0.300000;1613;2152;2152
2088;530;10;6;0.300000;1613;2152;2152
